2.037707e+02
2.037705e+02
2.037701e+02
2.037693e+02
2.037683e+02
2.037669e+02
2.037653e+02
2.037633e+02
2.037611e+02
2.037585e+02
2.037557e+02
2.037525e+02
2.037491e+02
2.037453e+02
2.037412e+02
2.037369e+02
2.037322e+02
2.037272e+02
2.037220e+02
2.037164e+02
2.037105e+02
2.037043e+02
2.036978e+02
2.036910e+02
2.036839e+02
2.036765e+02
2.036687e+02
2.036607e+02
2.036523e+02
2.036437e+02
2.036347e+02
2.036254e+02
2.036158e+02
2.036059e+02
2.035956e+02
2.035851e+02
2.035742e+02
2.035630e+02
2.035515e+02
2.035396e+02
2.035275e+02
2.035150e+02
2.035021e+02
2.034890e+02
2.034755e+02
2.034617e+02
2.034476e+02
2.034331e+02
2.034183e+02
2.034032e+02
2.033877e+02
2.033719e+02
2.033558e+02
2.033393e+02
2.033224e+02
2.033053e+02
2.032877e+02
2.032699e+02
2.032517e+02
2.032331e+02
2.032142e+02
2.031949e+02
2.031752e+02
2.031553e+02
2.031349e+02
2.031142e+02
2.030931e+02
2.030717e+02
2.030499e+02
2.030277e+02
2.030051e+02
2.029822e+02
2.029589e+02
2.029352e+02
2.029112e+02
2.028868e+02
2.028619e+02
2.028367e+02
2.028112e+02
2.027852e+02
2.027588e+02
2.027321e+02
2.027049e+02
2.026773e+02
2.026494e+02
2.026210e+02
2.025923e+02
2.025631e+02
2.025335e+02
2.025035e+02
2.024731e+02
2.024423e+02
2.024111e+02
2.023794e+02
2.023474e+02
2.023149e+02
2.022819e+02
2.022486e+02
2.022148e+02
2.021806e+02
2.021459e+02
2.021108e+02
2.020753e+02
2.020393e+02
2.020029e+02
2.019660e+02
2.019287e+02
2.018909e+02
2.018526e+02
2.018139e+02
2.017748e+02
2.017352e+02
2.016951e+02
2.016545e+02
2.016135e+02
2.015720e+02
2.015300e+02
2.014876e+02
2.014446e+02
2.014012e+02
2.013573e+02
2.013129e+02
2.012680e+02
2.012226e+02
2.011768e+02
2.011304e+02
2.010835e+02
2.010361e+02
2.009883e+02
2.009399e+02
2.008910e+02
2.008415e+02
2.007916e+02
2.007412e+02
2.006902e+02
2.006387e+02
2.005867e+02
2.005341e+02
2.004810e+02
2.004274e+02
2.003733e+02
2.003186e+02
2.002634e+02
2.002076e+02
2.001513e+02
2.000944e+02
2.000370e+02
1.999791e+02
1.999205e+02
1.998615e+02
1.998018e+02
1.997416e+02
1.996809e+02
1.996195e+02
1.995577e+02
1.994952e+02
1.994321e+02
1.993685e+02
1.993043e+02
1.992396e+02
1.991742e+02
1.991083e+02
1.990418e+02
1.989747e+02
1.989070e+02
1.988387e+02
1.987698e+02
1.987003e+02
1.986302e+02
1.985595e+02
1.984882e+02
1.984164e+02
1.983439e+02
1.982708e+02
1.981971e+02
1.981227e+02
1.980478e+02
1.979722e+02
1.978961e+02
1.978193e+02
1.977419e+02
1.976638e+02
1.975852e+02
1.975059e+02
1.974260e+02
1.973455e+02
1.972643e+02
1.971825e+02
1.971001e+02
1.970170e+02
1.969333e+02
1.968489e+02
1.967640e+02
1.966783e+02
1.965921e+02
1.965052e+02
1.964176e+02
1.963294e+02
1.962406e+02
1.961511e+02
1.960609e+02
1.959701e+02
1.958787e+02
1.957866e+02
1.956939e+02
1.956005e+02
1.955064e+02
1.954117e+02
1.953163e+02
1.952203e+02
1.951236e+02
1.950262e+02
1.949282e+02
1.948296e+02
1.947302e+02
1.946302e+02
1.945296e+02
1.944283e+02
1.943263e+02
1.942236e+02
1.941203e+02
1.940163e+02
1.939117e+02
1.938064e+02
1.937004e+02
1.935938e+02
1.934865e+02
1.933785e+02
1.932698e+02
1.931605e+02
1.930505e+02
1.929399e+02
1.928286e+02
1.927166e+02
1.926040e+02
1.924906e+02
1.923767e+02
1.922620e+02
1.921467e+02
1.920307e+02
1.919141e+02
1.917968e+02
1.916788e+02
1.915601e+02
1.914408e+02
1.913208e+02
1.912002e+02
1.910789e+02
1.909569e+02
1.908343e+02
1.907110e+02
1.905871e+02
1.904625e+02
1.903372e+02
1.902113e+02
1.900847e+02
1.899575e+02
1.898296e+02
1.897010e+02
1.895718e+02
1.894420e+02
1.893114e+02
1.891803e+02
1.890485e+02
1.889160e+02
1.887829e+02
1.886492e+02
1.885148e+02
1.883797e+02
1.882440e+02
1.881077e+02
1.879707e+02
1.878331e+02
1.876949e+02
1.875560e+02
1.874165e+02
1.872764e+02
1.871356e+02
1.869942e+02
1.868521e+02
1.867095e+02
1.865662e+02
1.864223e+02
1.862778e+02
1.861326e+02
1.859868e+02
1.858405e+02
1.856935e+02
1.855459e+02
1.853976e+02
1.852488e+02
1.850994e+02
1.849493e+02
1.847987e+02
1.846474e+02
1.844956e+02
1.843431e+02
1.841901e+02
1.840365e+02
1.838823e+02
1.837274e+02
1.835720e+02
1.834161e+02
1.832595e+02
1.831024e+02
1.829446e+02
1.827863e+02
1.826275e+02
1.824680e+02
1.823080e+02
1.821474e+02
1.819863e+02
1.818246e+02
1.816623e+02
1.814995e+02
1.813361e+02
1.811722e+02
1.810077e+02
1.808427e+02
1.806771e+02
1.805110e+02
1.803444e+02
1.801772e+02
1.800094e+02
1.798412e+02
1.796724e+02
1.795031e+02
1.793332e+02
1.791629e+02
1.789920e+02
1.788206e+02
1.786486e+02
1.784762e+02
1.783033e+02
1.781298e+02
1.779558e+02
1.777814e+02
1.776064e+02
1.774310e+02
1.772550e+02
1.770786e+02
1.769016e+02
1.767242e+02
1.765463e+02
1.763679e+02
1.761891e+02
1.760097e+02
1.758299e+02
1.756496e+02
1.754689e+02
1.752876e+02
1.751060e+02
1.749238e+02
1.747412e+02
1.745582e+02
1.743746e+02
1.741907e+02
1.740063e+02
1.738214e+02
1.736361e+02
1.734504e+02
1.732642e+02
1.730776e+02
1.728906e+02
1.727031e+02
1.725152e+02
1.723269e+02
1.721381e+02
1.719490e+02
1.717594e+02
1.715694e+02
1.713790e+02
1.711882e+02
1.709969e+02
1.708053e+02
1.706133e+02
1.704209e+02
1.702280e+02
1.700348e+02
1.698412e+02
1.696472e+02
1.694528e+02
1.692580e+02
1.690629e+02
1.688674e+02
1.686715e+02
1.684752e+02
1.682785e+02
1.680815e+02
1.678841e+02
1.676863e+02
1.674882e+02
1.672897e+02
1.670909e+02
1.668917e+02
1.666921e+02
1.664922e+02
1.662920e+02
1.660914e+02
1.658904e+02
1.656892e+02
1.654875e+02
1.652856e+02
1.650833e+02
1.648806e+02
1.646777e+02
1.644744e+02
1.642708e+02
1.640668e+02
1.638625e+02
1.636579e+02
1.634530e+02
1.632478e+02
1.630423e+02
1.628364e+02
1.626302e+02
1.624238e+02
1.622170e+02
1.620099e+02
1.618025e+02
1.615948e+02
1.613868e+02
1.611785e+02
1.609699e+02
1.607611e+02
1.605519e+02
1.603424e+02
1.601327e+02
1.599227e+02
1.597123e+02
1.595017e+02
1.592908e+02
1.590797e+02
1.588682e+02
1.586565e+02
1.584445e+02
1.582323e+02
1.580197e+02
1.578069e+02
1.575938e+02
1.573805e+02
1.571669e+02
1.569530e+02
1.567389e+02
1.565245e+02
1.563099e+02
1.560950e+02
1.558798e+02
1.556644e+02
1.554487e+02
1.552328e+02
1.550166e+02
1.548002e+02
1.545835e+02
1.543666e+02
1.541495e+02
1.539321e+02
1.537144e+02
1.534965e+02
1.532784e+02
1.530601e+02
1.528415e+02
1.526226e+02
1.524036e+02
1.521843e+02
1.519647e+02
1.517450e+02
1.515250e+02
1.513048e+02
1.510843e+02
1.508636e+02
1.506427e+02
1.504216e+02
1.502003e+02
1.499787e+02
1.497569e+02
1.495349e+02
1.493127e+02
1.490902e+02
1.488676e+02
1.486447e+02
1.484216e+02
1.481983e+02
1.479748e+02
1.477511e+02
1.475271e+02
1.473030e+02
1.470786e+02
1.468540e+02
1.466293e+02
1.464043e+02
1.461791e+02
1.459537e+02
1.457281e+02
1.455023e+02
1.452763e+02
1.450501e+02
1.448237e+02
1.445971e+02
1.443703e+02
1.441433e+02
1.439161e+02
1.436887e+02
1.434611e+02
1.432333e+02
1.430053e+02
1.427772e+02
1.425488e+02
1.423202e+02
1.420915e+02
1.418625e+02
1.416334e+02
1.414040e+02
1.411745e+02
1.409448e+02
1.407149e+02
1.404848e+02
1.402545e+02
1.400241e+02
1.397934e+02
1.395626e+02
1.393316e+02
1.391004e+02
1.388690e+02
1.386374e+02
1.384057e+02
1.381737e+02
1.379416e+02
1.377093e+02
1.374768e+02
1.372442e+02
1.370113e+02
1.367783e+02
1.365451e+02
1.363117e+02
1.360782e+02
1.358444e+02
1.356105e+02
1.353764e+02
1.351422e+02
1.349077e+02
1.346731e+02
1.344383e+02
1.342033e+02
1.339682e+02
1.337329e+02
1.334974e+02
1.332617e+02
1.330259e+02
1.327899e+02
1.325537e+02
1.323174e+02
1.320808e+02
1.318441e+02
1.316073e+02
1.313703e+02
1.311330e+02
1.308957e+02
1.306581e+02
1.304204e+02
1.301825e+02
1.299445e+02
1.297063e+02
1.294679e+02
1.292294e+02
1.289907e+02
1.287518e+02
1.285127e+02
1.282735e+02
1.280341e+02
1.277946e+02
1.275549e+02
1.273150e+02
1.270750e+02
1.268348e+02
1.265944e+02
1.263539e+02
1.261132e+02
1.258724e+02
1.256314e+02
1.253902e+02
1.251489e+02
1.249074e+02
1.246658e+02
1.244239e+02
1.241820e+02
1.239398e+02
1.236976e+02
1.234551e+02
1.232125e+02
1.229697e+02
1.227268e+02
1.224837e+02
1.222405e+02
1.219971e+02
1.217536e+02
1.215099e+02
1.212660e+02
1.210220e+02
1.207778e+02
1.205335e+02
1.202890e+02
1.200444e+02
1.197996e+02
1.195546e+02
1.193095e+02
1.190643e+02
1.188189e+02
1.185733e+02
1.183276e+02
1.180818e+02
1.178358e+02
1.175896e+02
1.173433e+02
1.170969e+02
1.168502e+02
1.166035e+02
1.163566e+02
1.161095e+02
1.158623e+02
1.156150e+02
1.153675e+02
1.151198e+02
1.148720e+02
1.146241e+02
1.143760e+02
1.141278e+02
1.138794e+02
1.136309e+02
1.133822e+02
1.131334e+02
1.128845e+02
1.126354e+02
1.123862e+02
1.121368e+02
1.118873e+02
1.116376e+02
1.113878e+02
1.111378e+02
1.108878e+02
1.106375e+02
1.103872e+02
1.101367e+02
1.098860e+02
1.096352e+02
1.093843e+02
1.091332e+02
1.088821e+02
1.086307e+02
1.083792e+02
1.081276e+02
1.078759e+02
1.076240e+02
1.073720e+02
1.071199e+02
1.068676e+02
1.066152e+02
1.063626e+02
1.061099e+02
1.058571e+02
1.056042e+02
1.053511e+02
1.050979e+02
1.048446e+02
1.045911e+02
1.043375e+02
1.040838e+02
1.038299e+02
1.035759e+02
1.033218e+02
1.030676e+02
1.028132e+02
1.025587e+02
1.023041e+02
1.020493e+02
1.017945e+02
1.015395e+02
1.012843e+02
1.010291e+02
1.007737e+02
1.005182e+02
1.002626e+02
1.000069e+02
9.975101e+01
9.949503e+01
9.923892e+01
9.898270e+01
9.872635e+01
9.846989e+01
9.821331e+01
9.795660e+01
9.769978e+01
9.744284e+01
9.718579e+01
9.692861e+01
9.667132e+01
9.641392e+01
9.615639e+01
9.589875e+01
9.564100e+01
9.538313e+01
9.512515e+01
9.486706e+01
9.460885e+01
9.435053e+01
9.409209e+01
9.383355e+01
9.357489e+01
9.331612e+01
9.305724e+01
9.279825e+01
9.253915e+01
9.227994e+01
9.202062e+01
9.176119e+01
9.150166e+01
9.124201e+01
9.098226e+01
9.072240e+01
9.046244e+01
9.020237e+01
8.994219e+01
8.968190e+01
8.942151e+01
8.916102e+01
8.890042e+01
8.863972e+01
8.837891e+01
8.811800e+01
8.785699e+01
8.759588e+01
8.733466e+01
8.707334e+01
8.681192e+01
8.655039e+01
8.628877e+01
8.602705e+01
8.576522e+01
8.550330e+01
8.524127e+01
8.497915e+01
8.471693e+01
8.445461e+01
8.419219e+01
8.392967e+01
8.366705e+01
8.340434e+01
8.314153e+01
8.287862e+01
8.261562e+01
8.235251e+01
8.208932e+01
8.182602e+01
8.156264e+01
8.129915e+01
8.103557e+01
8.077190e+01
8.050813e+01
8.024427e+01
7.998031e+01
7.971626e+01
7.945212e+01
7.918788e+01
7.892355e+01
7.865912e+01
7.839460e+01
7.812999e+01
7.786529e+01
7.760050e+01
7.733561e+01
7.707063e+01
7.680556e+01
7.654040e+01
7.627514e+01
7.600980e+01
7.574436e+01
7.547884e+01
7.521322e+01
7.494751e+01
7.468171e+01
7.441582e+01
7.414984e+01
7.388377e+01
7.361761e+01
7.335136e+01
7.308502e+01
7.281859e+01
7.255207e+01
7.228546e+01
7.201876e+01
7.175197e+01
7.148510e+01
7.121813e+01
7.095107e+01
7.068393e+01
7.041669e+01
7.014937e+01
6.988196e+01
6.961446e+01
6.934687e+01
6.907919e+01
6.881142e+01
6.854357e+01
6.827562e+01
6.800759e+01
6.773947e+01
6.747126e+01
6.720296e+01
6.693457e+01
6.666609e+01
6.639753e+01
6.612887e+01
6.586013e+01
6.559130e+01
6.532238e+01
6.505338e+01
6.478428e+01
6.451510e+01
6.424582e+01
6.397646e+01
6.370701e+01
6.343747e+01
6.316785e+01
6.289813e+01
6.262833e+01
6.235844e+01
6.208845e+01
6.181839e+01
6.154823e+01
6.127798e+01
6.100765e+01
6.073722e+01
6.046671e+01
6.019611e+01
5.992542e+01
5.965464e+01
5.938378e+01
5.911282e+01
5.884178e+01
5.857065e+01
5.829943e+01
5.802812e+01
5.775672e+01
5.748523e+01
5.721366e+01
5.694200e+01
5.667024e+01
5.639840e+01
5.612648e+01
5.585446e+01
5.558236e+01
5.531016e+01
5.503788e+01
5.476551e+01
5.449306e+01
5.422051e+01
5.394788e+01
5.367516e+01
5.340235e+01
5.312946e+01
5.285647e+01
5.258340e+01
5.231024e+01
5.203700e+01
5.176367e+01
5.149025e+01
5.121674e+01
5.094315e+01
5.066947e+01
5.039571e+01
5.012186e+01
4.984792e+01
4.957390e+01
4.929979e+01
4.902560e+01
4.875132e+01
4.847696e+01
4.820252e+01
4.792799e+01
4.765337e+01
4.737867e+01
4.710389e+01
4.682903e+01
4.655408e+01
4.627905e+01
4.600394e+01
4.572875e+01
4.545348e+01
4.517812e+01
4.490269e+01
4.462717e+01
4.435158e+01
4.407590e+01
4.380015e+01
4.352432e+01
4.324841e+01
4.297243e+01
4.269636e+01
4.242023e+01
4.214401e+01
4.186772e+01
4.159136e+01
4.131492e+01
4.103841e+01
4.076183e+01
4.048517e+01
4.020845e+01
3.993165e+01
3.965478e+01
3.937785e+01
3.910084e+01
3.882377e+01
3.854663e+01
3.826942e+01
3.799215e+01
3.771482e+01
3.743742e+01
3.715996e+01
3.688243e+01
3.660485e+01
3.632720e+01
3.604949e+01
3.577173e+01
3.549391e+01
3.521603e+01
3.493810e+01
3.466011e+01
3.438207e+01
3.410398e+01
3.382584e+01
3.354764e+01
3.326940e+01
3.299111e+01
3.271277e+01
3.243439e+01
3.215597e+01
3.187750e+01
3.159899e+01
3.132043e+01
3.104184e+01
3.076321e+01
3.048455e+01
3.020585e+01
2.992711e+01
2.964835e+01
2.936955e+01
2.909072e+01
2.881187e+01
2.853299e+01
2.825408e+01
2.797515e+01
2.769620e+01
2.741722e+01
2.713823e+01
2.685922e+01
2.658020e+01
2.630116e+01
2.602210e+01
2.574304e+01
2.546397e+01
2.518489e+01
2.490581e+01
2.462672e+01
2.434763e+01
2.406854e+01
2.378945e+01
2.351036e+01
2.323128e+01
2.295221e+01
2.267315e+01
2.239409e+01
2.211505e+01
2.183603e+01
2.155702e+01
2.127803e+01
2.099907e+01
2.072012e+01
2.044120e+01
2.016231e+01
1.988345e+01
1.960462e+01
1.932582e+01
1.904706e+01
1.876833e+01
1.848965e+01
1.821101e+01
1.793241e+01
1.765386e+01
1.737536e+01
1.709691e+01
1.681851e+01
1.654017e+01
1.626189e+01
1.598367e+01
1.570551e+01
1.542742e+01
1.514939e+01
1.487144e+01
1.459356e+01
1.431575e+01
1.403803e+01
1.376038e+01
1.348282e+01
1.320534e+01
1.292794e+01
1.265064e+01
1.237344e+01
1.209632e+01
1.181931e+01
1.154240e+01
1.126559e+01
1.098888e+01
1.071229e+01
1.043581e+01
1.015944e+01
9.883186e+00
9.607053e+00
9.331043e+00
9.055158e+00
8.779401e+00
8.503775e+00
8.228282e+00
7.952926e+00
7.677708e+00
7.402633e+00
7.127702e+00
6.852918e+00
6.578285e+00
6.303806e+00
6.029482e+00
5.755318e+00
5.481315e+00
5.207478e+00
4.933808e+00
4.660309e+00
4.386984e+00
4.113835e+00
3.840866e+00
3.568080e+00
3.295479e+00
3.023067e+00
2.750846e+00
2.478820e+00
2.206992e+00
1.935364e+00
1.663939e+00
1.392722e+00
1.121714e+00
8.509185e-01
5.803392e-01
3.099788e-01
3.984036e-02
-2.300730e-01
-4.997583e-01
-7.692123e-01
-1.038432e+00
-1.307414e+00
-1.576156e+00
-1.844654e+00
-2.112905e+00
-2.380907e+00
-2.648655e+00
-2.916147e+00
-3.183380e+00
-3.450351e+00
-3.717055e+00
-3.983492e+00
-4.249656e+00
-4.515545e+00
-4.781156e+00
-5.046486e+00
-5.311531e+00
-5.576289e+00
-5.840755e+00
-6.104928e+00
-6.368803e+00
-6.632378e+00
-6.895650e+00
-7.158615e+00
-7.421270e+00
-7.683612e+00
-7.945637e+00
-8.207344e+00
-8.468727e+00
-8.729785e+00
-8.990514e+00
-9.250911e+00
-9.510972e+00
-9.770695e+00
-1.003008e+01
-1.028911e+01
-1.054780e+01
-1.080614e+01
-1.106412e+01
-1.132175e+01
-1.157901e+01
-1.183591e+01
-1.209245e+01
-1.234861e+01
-1.260440e+01
-1.285981e+01
-1.311485e+01
-1.336950e+01
-1.362376e+01
-1.387764e+01
-1.413112e+01
-1.438421e+01
-1.463690e+01
-1.488918e+01
-1.514107e+01
-1.539254e+01
-1.564361e+01
-1.589425e+01
-1.614449e+01
-1.639430e+01
-1.664369e+01
-1.689265e+01
-1.714118e+01
-1.738928e+01
-1.763694e+01
-1.788416e+01
-1.813094e+01
-1.837728e+01
-1.862317e+01
-1.886860e+01
-1.911359e+01
-1.935811e+01
-1.960218e+01
-1.984578e+01
-2.008891e+01
-2.033158e+01
-2.057377e+01
-2.081548e+01
-2.105672e+01
-2.129748e+01
-2.153775e+01
-2.177753e+01
-2.201683e+01
-2.225563e+01
-2.249393e+01
-2.273173e+01
-2.296904e+01
-2.320583e+01
-2.344212e+01
-2.367790e+01
-2.391316e+01
-2.414790e+01
-2.438213e+01
-2.461583e+01
-2.484901e+01
-2.508166e+01
-2.531378e+01
-2.554536e+01
-2.577640e+01
-2.600691e+01
-2.623687e+01
-2.646629e+01
-2.669516e+01
-2.692347e+01
-2.715124e+01
-2.737844e+01
-2.760509e+01
-2.783117e+01
-2.805669e+01
-2.828164e+01
-2.850602e+01
-2.872983e+01
-2.895306e+01
-2.917571e+01
-2.939778e+01
-2.961927e+01
-2.984017e+01
-3.006048e+01
-3.028019e+01
-3.049932e+01
-3.071784e+01
-3.093576e+01
-3.115309e+01
-3.136980e+01
-3.158591e+01
-3.180141e+01
-3.201629e+01
-3.223056e+01
-3.244421e+01
-3.265723e+01
-3.286964e+01
-3.308142e+01
-3.329257e+01
-3.350309e+01
-3.371297e+01
-3.392222e+01
-3.413083e+01
-3.433880e+01
-3.454613e+01
-3.475281e+01
-3.495884e+01
-3.516422e+01
-3.536895e+01
-3.557303e+01
-3.577644e+01
-3.597919e+01
-3.618129e+01
-3.638271e+01
-3.658347e+01
-3.678356e+01
-3.698298e+01
-3.718172e+01
-3.737979e+01
-3.757718e+01
-3.777388e+01
-3.796991e+01
-3.816524e+01
-3.835989e+01
-3.855385e+01
-3.874712e+01
-3.893969e+01
-3.913156e+01
-3.932274e+01
-3.951322e+01
-3.970299e+01
-3.989205e+01
-4.008041e+01
-4.026806e+01
-4.045500e+01
-4.064122e+01
-4.082673e+01
-4.101152e+01
-4.119559e+01
-4.137893e+01
-4.156155e+01
-4.174345e+01
-4.192462e+01
-4.210506e+01
-4.228476e+01
-4.246373e+01
-4.264197e+01
-4.281946e+01
-4.299622e+01
-4.317224e+01
-4.334751e+01
-4.352203e+01
-4.369581e+01
-4.386884e+01
-4.404111e+01
-4.421263e+01
-4.438340e+01
-4.455341e+01
-4.472267e+01
-4.489116e+01
-4.505889e+01
-4.522585e+01
-4.539205e+01
-4.555748e+01
-4.572214e+01
-4.588603e+01
-4.604915e+01
-4.621149e+01
-4.637306e+01
-4.653385e+01
-4.669386e+01
-4.685309e+01
-4.701153e+01
-4.716919e+01
-4.732607e+01
-4.748216e+01
-4.763745e+01
-4.779196e+01
-4.794568e+01
-4.809860e+01
-4.825072e+01
-4.840205e+01
-4.855258e+01
-4.870231e+01
-4.885124e+01
-4.899936e+01
-4.914668e+01
-4.929319e+01
-4.943890e+01
-4.958380e+01
-4.972789e+01
-4.987116e+01
-5.001363e+01
-5.015528e+01
-5.029611e+01
-5.043613e+01
-5.057533e+01
-5.071370e+01
-5.085126e+01
-5.098800e+01
-5.112391e+01
-5.125900e+01
-5.139326e+01
-5.152669e+01
-5.165930e+01
-5.179107e+01
-5.192202e+01
-5.205213e+01
-5.218141e+01
-5.230985e+01
-5.243746e+01
-5.256423e+01
-5.269016e+01
-5.281526e+01
-5.293951e+01
-5.306293e+01
-5.318550e+01
-5.330723e+01
-5.342811e+01
-5.354815e+01
-5.366734e+01
-5.378569e+01
-5.390318e+01
-5.401983e+01
-5.413562e+01
-5.425057e+01
-5.436466e+01
-5.447790e+01
-5.459029e+01
-5.470182e+01
-5.481249e+01
-5.492231e+01
-5.503127e+01
-5.513937e+01
-5.524661e+01
-5.535299e+01
-5.545851e+01
-5.556317e+01
-5.566697e+01
-5.576990e+01
-5.587197e+01
-5.597317e+01
-5.607351e+01
-5.617298e+01
-5.627159e+01
-5.636933e+01
-5.646619e+01
-5.656219e+01
-5.665732e+01
-5.675158e+01
-5.684497e+01
-5.693749e+01
-5.702913e+01
-5.711990e+01
-5.720980e+01
-5.729883e+01
-5.738698e+01
-5.747425e+01
-5.756065e+01
-5.764617e+01
-5.773082e+01
-5.781459e+01
-5.789748e+01
-5.797949e+01
-5.806063e+01
-5.814088e+01
-5.822026e+01
-5.829876e+01
-5.837637e+01
-5.845311e+01
-5.852896e+01
-5.860394e+01
-5.867803e+01
-5.875124e+01
-5.882357e+01
-5.889501e+01
-5.896557e+01
-5.903525e+01
-5.910405e+01
-5.917196e+01
-5.923899e+01
-5.930513e+01
-5.937039e+01
-5.943476e+01
-5.949825e+01
-5.956086e+01
-5.962258e+01
-5.968341e+01
-5.974336e+01
-5.980242e+01
-5.986060e+01
-5.991789e+01
-5.997429e+01
-6.002981e+01
-6.008445e+01
-6.013819e+01
-6.019105e+01
-6.024303e+01
-6.029412e+01
-6.034432e+01
-6.039363e+01
-6.044206e+01
-6.048961e+01
-6.053626e+01
-6.058204e+01
-6.062692e+01
-6.067092e+01
-6.071403e+01
-6.075626e+01
-6.079760e+01
-6.083806e+01
-6.087763e+01
-6.091632e+01
-6.095412e+01
-6.099104e+01
-6.102707e+01
-6.106222e+01
-6.109648e+01
-6.112986e+01
-6.116236e+01
-6.119397e+01
-6.122470e+01
-6.125455e+01
-6.128351e+01
-6.131159e+01
-6.133879e+01
-6.136511e+01
-6.139055e+01
-6.141511e+01
-6.143878e+01
-6.146158e+01
-6.148350e+01
-6.150453e+01
-6.152469e+01
-6.154397e+01
-6.156237e+01
-6.157990e+01
-6.159654e+01
-6.161231e+01
-6.162721e+01
-6.164123e+01
-6.165437e+01
-6.166664e+01
-6.167804e+01
-6.168856e+01
-6.169821e+01
-6.170699e+01
-6.171489e+01
-6.172193e+01
-6.172809e+01
-6.173338e+01
-6.173781e+01
-6.174137e+01
-6.174406e+01
-6.174588e+01
-6.174683e+01
-6.174692e+01
-6.174615e+01
-6.174451e+01
-6.174200e+01
-6.173864e+01
-6.173441e+01
-6.172932e+01
-6.172337e+01
-6.171656e+01
-6.170889e+01
-6.170036e+01
-6.169098e+01
-6.168074e+01
-6.166964e+01
-6.165769e+01
-6.164488e+01
-6.163123e+01
-6.161672e+01
-6.160136e+01
-6.158514e+01
-6.156808e+01
-6.155018e+01
-6.153142e+01
-6.151182e+01
-6.149137e+01
-6.147008e+01
-6.144794e+01
-6.142497e+01
-6.140115e+01
-6.137649e+01
-6.135099e+01
-6.132465e+01
-6.129748e+01
-6.126947e+01
-6.124063e+01
-6.121095e+01
-6.118044e+01
-6.114910e+01
-6.111693e+01
-6.108392e+01
-6.105009e+01
-6.101544e+01
-6.097996e+01
-6.094365e+01
-6.090652e+01
-6.086857e+01
-6.082980e+01
-6.079021e+01
-6.074979e+01
-6.070857e+01
-6.066653e+01
-6.062367e+01
-6.058000e+01
-6.053552e+01
-6.049022e+01
-6.044412e+01
-6.039721e+01
-6.034950e+01
-6.030097e+01
-6.025165e+01
-6.020152e+01
-6.015060e+01
-6.009887e+01
-6.004634e+01
-5.999302e+01
-5.993890e+01
-5.988399e+01
-5.982829e+01
-5.977180e+01
-5.971451e+01
-5.965644e+01
-5.959758e+01
-5.953794e+01
-5.947752e+01
-5.941631e+01
-5.935432e+01
-5.929156e+01
-5.922801e+01
-5.916369e+01
-5.909860e+01
-5.903274e+01
-5.896610e+01
-5.889870e+01
-5.883053e+01
-5.876159e+01
-5.869189e+01
-5.862142e+01
-5.855020e+01
-5.847822e+01
-5.840548e+01
-5.833198e+01
-5.825773e+01
-5.818273e+01
-5.810697e+01
-5.803047e+01
-5.795322e+01
-5.787523e+01
-5.779649e+01
-5.771701e+01
-5.763679e+01
-5.755583e+01
-5.747414e+01
-5.739171e+01
-5.730855e+01
-5.722466e+01
-5.714004e+01
-5.705469e+01
-5.696862e+01
-5.688182e+01
-5.679431e+01
-5.670607e+01
-5.661711e+01
-5.652744e+01
-5.643706e+01
-5.634596e+01
-5.625416e+01
-5.616164e+01
-5.606842e+01
-5.597450e+01
-5.587988e+01
-5.578455e+01
-5.568853e+01
-5.559181e+01
-5.549439e+01
-5.539629e+01
-5.529749e+01
-5.519801e+01
-5.509784e+01
-5.499699e+01
-5.489545e+01
-5.479324e+01
-5.469034e+01
-5.458678e+01
-5.448254e+01
-5.437762e+01
-5.427204e+01
-5.416580e+01
-5.405888e+01
-5.395131e+01
-5.384307e+01
-5.373418e+01
-5.362463e+01
-5.351443e+01
-5.340357e+01
-5.329206e+01
-5.317991e+01
-5.306711e+01
-5.295367e+01
-5.283959e+01
-5.272487e+01
-5.260952e+01
-5.249353e+01
-5.237691e+01
-5.225966e+01
-5.214178e+01
-5.202328e+01
-5.190415e+01
-5.178441e+01
-5.166404e+01
-5.154306e+01
-5.142147e+01
-5.129927e+01
-5.117646e+01
-5.105304e+01
-5.092902e+01
-5.080440e+01
-5.067918e+01
-5.055336e+01
-5.042695e+01
-5.029994e+01
-5.017235e+01
-5.004417e+01
-4.991540e+01
-4.978605e+01
-4.965613e+01
-4.952562e+01
-4.939454e+01
-4.926289e+01
-4.913067e+01
-4.899788e+01
-4.886453e+01
-4.873061e+01
-4.859613e+01
-4.846110e+01
-4.832551e+01
-4.818937e+01
-4.805267e+01
-4.791543e+01
-4.777765e+01
-4.763932e+01
-4.750046e+01
-4.736105e+01
-4.722112e+01
-4.708065e+01
-4.693965e+01
-4.679812e+01
-4.665607e+01
-4.651349e+01
-4.637040e+01
-4.622679e+01
-4.608267e+01
-4.593804e+01
-4.579289e+01
-4.564724e+01
-4.550109e+01
-4.535444e+01
-4.520728e+01
-4.505964e+01
-4.491150e+01
-4.476287e+01
-4.461375e+01
-4.446415e+01
-4.431406e+01
-4.416350e+01
-4.401246e+01
-4.386094e+01
-4.370895e+01
-4.355650e+01
-4.340358e+01
-4.325019e+01
-4.309635e+01
-4.294204e+01
-4.278729e+01
-4.263207e+01
-4.247641e+01
-4.232031e+01
-4.216376e+01
-4.200677e+01
-4.184933e+01
-4.169147e+01
-4.153317e+01
-4.137444e+01
-4.121528e+01
-4.105570e+01
-4.089570e+01
-4.073528e+01
-4.057444e+01
-4.041319e+01
-4.025152e+01
-4.008945e+01
-3.992698e+01
-3.976410e+01
-3.960082e+01
-3.943715e+01
-3.927309e+01
-3.910863e+01
-3.894378e+01
-3.877855e+01
-3.861294e+01
-3.844695e+01
-3.828058e+01
-3.811384e+01
-3.794673e+01
-3.777925e+01
-3.761140e+01
-3.744320e+01
-3.727463e+01
-3.710571e+01
-3.693643e+01
-3.676681e+01
-3.659683e+01
-3.642652e+01
-3.625586e+01
-3.608486e+01
-3.591352e+01
-3.574186e+01
-3.556986e+01
-3.539753e+01
-3.522489e+01
-3.505192e+01
-3.487863e+01
-3.470502e+01
-3.453111e+01
-3.435688e+01
-3.418235e+01
-3.400752e+01
-3.383238e+01
-3.365695e+01
-3.348122e+01
-3.330520e+01
-3.312889e+01
-3.295230e+01
-3.277542e+01
-3.259826e+01
-3.242083e+01
-3.224312e+01
-3.206514e+01
-3.188690e+01
-3.170839e+01
-3.152961e+01
-3.135058e+01
-3.117129e+01
-3.099175e+01
-3.081196e+01
-3.063192e+01
-3.045164e+01
-3.027112e+01
-3.009036e+01
-2.990936e+01
-2.972814e+01
-2.954668e+01
-2.936500e+01
-2.918310e+01
-2.900097e+01
-2.881863e+01
-2.863608e+01
-2.845331e+01
-2.827034e+01
-2.808716e+01
-2.790378e+01
-2.772020e+01
-2.753643e+01
-2.735246e+01
-2.716830e+01
-2.698396e+01
-2.679943e+01
-2.661473e+01
-2.642984e+01
-2.624479e+01
-2.605956e+01
-2.587416e+01
-2.568859e+01
-2.550287e+01
-2.531698e+01
-2.513094e+01
-2.494475e+01
-2.475840e+01
-2.457191e+01
-2.438528e+01
-2.419850e+01
-2.401159e+01
-2.382454e+01
-2.363736e+01
-2.345005e+01
-2.326261e+01
-2.307505e+01
-2.288738e+01
-2.269958e+01
-2.251167e+01
-2.232365e+01
-2.213553e+01
-2.194730e+01
-2.175897e+01
-2.157053e+01
-2.138201e+01
-2.119339e+01
-2.100468e+01
-2.081589e+01
-2.062701e+01
-2.043806e+01
-2.024902e+01
-2.005992e+01
-1.987074e+01
-1.968149e+01
-1.949218e+01
-1.930280e+01
-1.911337e+01
-1.892388e+01
-1.873434e+01
-1.854475e+01
-1.835511e+01
-1.816543e+01
-1.797571e+01
-1.778595e+01
-1.759616e+01
-1.740633e+01
-1.721647e+01
-1.702659e+01
-1.683669e+01
-1.664677e+01
-1.645683e+01
-1.626688e+01
-1.607691e+01
-1.588694e+01
-1.569697e+01
-1.550699e+01
-1.531702e+01
-1.512705e+01
-1.493708e+01
-1.474713e+01
-1.455719e+01
-1.436727e+01
-1.417737e+01
-1.398749e+01
-1.379763e+01
-1.360781e+01
-1.341801e+01
-1.322825e+01
-1.303853e+01
-1.284884e+01
-1.265920e+01
-1.246961e+01
-1.228007e+01
-1.209058e+01
-1.190114e+01
-1.171176e+01
-1.152244e+01
-1.133319e+01
-1.114401e+01
-1.095489e+01
-1.076585e+01
-1.057688e+01
-1.038799e+01
-1.019919e+01
-1.001046e+01
-9.821830e+00
-9.633286e+00
-9.444836e+00
-9.256482e+00
-9.068228e+00
-8.880076e+00
-8.692028e+00
-8.504089e+00
-8.316261e+00
-8.128547e+00
-7.940950e+00
-7.753472e+00
-7.566116e+00
-7.378886e+00
-7.191785e+00
-7.004814e+00
-6.817978e+00
-6.631278e+00
-6.444718e+00
-6.258301e+00
-6.072029e+00
-5.885905e+00
-5.699933e+00
-5.514115e+00
-5.328453e+00
-5.142952e+00
-4.957612e+00
-4.772438e+00
-4.587433e+00
-4.402598e+00
-4.217937e+00
-4.033452e+00
-3.849147e+00
-3.665025e+00
-3.481087e+00
-3.297337e+00
-3.113777e+00
-2.930411e+00
-2.747241e+00
-2.564270e+00
-2.381501e+00
-2.198936e+00
-2.016578e+00
-1.834430e+00
-1.652494e+00
-1.470774e+00
-1.289273e+00
-1.107992e+00
-9.269343e-01
-7.461033e-01
-5.655012e-01
-3.851308e-01
-2.049949e-01
-2.509601e-02
1.545630e-01
3.339796e-01
5.131510e-01
6.920746e-01
8.707477e-01
1.049168e+00
1.227332e+00
1.405237e+00
1.582882e+00
1.760263e+00
1.937377e+00
2.114222e+00
2.290796e+00
2.467096e+00
2.643118e+00
2.818862e+00
2.994323e+00
3.169499e+00
3.344389e+00
3.518988e+00
3.693296e+00
3.867308e+00
4.041023e+00
4.214438e+00
4.387550e+00
4.560357e+00
4.732856e+00
4.905046e+00
5.076922e+00
5.248484e+00
5.419728e+00
5.590651e+00
5.761252e+00
5.931528e+00
6.101476e+00
6.271094e+00
6.440380e+00
6.609330e+00
6.777943e+00
6.946216e+00
7.114147e+00
7.281733e+00
7.448972e+00
7.615861e+00
7.782398e+00
7.948581e+00
8.114407e+00
8.279873e+00
8.444979e+00
8.609720e+00
8.774095e+00
8.938101e+00
9.101737e+00
9.264999e+00
9.427886e+00
9.590394e+00
9.752522e+00
9.914268e+00
1.007563e+01
1.023660e+01
1.039719e+01
1.055738e+01
1.071718e+01
1.087658e+01
1.103558e+01
1.119419e+01
1.135239e+01
1.151018e+01
1.166757e+01
1.182455e+01
1.198111e+01
1.213726e+01
1.229300e+01
1.244832e+01
1.260321e+01
1.275769e+01
1.291173e+01
1.306536e+01
1.321855e+01
1.337131e+01
1.352364e+01
1.367553e+01
1.382698e+01
1.397800e+01
1.412857e+01
1.427870e+01
1.442839e+01
1.457762e+01
1.472641e+01
1.487474e+01
1.502262e+01
1.517004e+01
1.531701e+01
1.546351e+01
1.560955e+01
1.575513e+01
1.590024e+01
1.604489e+01
1.618906e+01
1.633276e+01
1.647599e+01
1.661874e+01
1.676102e+01
1.690281e+01
1.704412e+01
1.718495e+01
1.732530e+01
1.746515e+01
1.760452e+01
1.774340e+01
1.788178e+01
1.801967e+01
1.815706e+01
1.829396e+01
1.843035e+01
1.856624e+01
1.870163e+01
1.883651e+01
1.897089e+01
1.910475e+01
1.923811e+01
1.937095e+01
1.950328e+01
1.963509e+01
1.976638e+01
1.989716e+01
2.002741e+01
2.015714e+01
2.028635e+01
2.041503e+01
2.054318e+01
2.067080e+01
2.079789e+01
2.092445e+01
2.105048e+01
2.117597e+01
2.130092e+01
2.142533e+01
2.154920e+01
2.167253e+01
2.179531e+01
2.191755e+01
2.203924e+01
2.216039e+01
2.228098e+01
2.240102e+01
2.252051e+01
2.263944e+01
2.275782e+01
2.287564e+01
2.299291e+01
2.310961e+01
2.322575e+01
2.334132e+01
2.345634e+01
2.357078e+01
2.368466e+01
2.379797e+01
2.391071e+01
2.402288e+01
2.413448e+01
2.424550e+01
2.435594e+01
2.446581e+01
2.457510e+01
2.468381e+01
2.479194e+01
2.489949e+01
2.500646e+01
2.511284e+01
2.521863e+01
2.532384e+01
2.542846e+01
2.553249e+01
2.563593e+01
2.573877e+01
2.584103e+01
2.594269e+01
2.604375e+01
2.614422e+01
2.624409e+01
2.634336e+01
2.644204e+01
2.654011e+01
2.663758e+01
2.673444e+01
2.683070e+01
2.692636e+01
2.702141e+01
2.711585e+01
2.720968e+01
2.730291e+01
2.739552e+01
2.748752e+01
2.757891e+01
2.766969e+01
2.775985e+01
2.784940e+01
2.793833e+01
2.802664e+01
2.811434e+01
2.820141e+01
2.828787e+01
2.837371e+01
2.845892e+01
2.854351e+01
2.862748e+01
2.871082e+01
2.879354e+01
2.887563e+01
2.895710e+01
2.903794e+01
2.911815e+01
2.919773e+01
2.927668e+01
2.935500e+01
2.943269e+01
2.950975e+01
2.958617e+01
2.966196e+01
2.973712e+01
2.981164e+01
2.988553e+01
2.995878e+01
3.003139e+01
3.010337e+01
3.017471e+01
3.024541e+01
3.031547e+01
3.038489e+01
3.045367e+01
3.052180e+01
3.058930e+01
3.065616e+01
3.072237e+01
3.078794e+01
3.085286e+01
3.091714e+01
3.098078e+01
3.104377e+01
3.110611e+01
3.116781e+01
3.122886e+01
3.128927e+01
3.134903e+01
3.140814e+01
3.146660e+01
3.152441e+01
3.158158e+01
3.163809e+01
3.169395e+01
3.174917e+01
3.180373e+01
3.185765e+01
3.191091e+01
3.196352e+01
3.201548e+01
3.206678e+01
3.211744e+01
3.216744e+01
3.221679e+01
3.226549e+01
3.231353e+01
3.236092e+01
3.240766e+01
3.245374e+01
3.249917e+01
3.254394e+01
3.258806e+01
3.263153e+01
3.267434e+01
3.271650e+01
3.275800e+01
3.279884e+01
3.283904e+01
3.287857e+01
3.291745e+01
3.295568e+01
3.299325e+01
3.303017e+01
3.306643e+01
3.310203e+01
3.313698e+01
3.317128e+01
3.320492e+01
3.323790e+01
3.327023e+01
3.330191e+01
3.333293e+01
3.336329e+01
3.339300e+01
3.342206e+01
3.345046e+01
3.347821e+01
3.350530e+01
3.353173e+01
3.355752e+01
3.358265e+01
3.360712e+01
3.363095e+01
3.365412e+01
3.367663e+01
3.369850e+01
3.371971e+01
3.374027e+01
3.376017e+01
3.377943e+01
3.379803e+01
3.381598e+01
3.383328e+01
3.384993e+01
3.386593e+01
3.388129e+01
3.389599e+01
3.391004e+01
3.392344e+01
3.393619e+01
3.394830e+01
3.395976e+01
3.397057e+01
3.398073e+01
3.399025e+01
3.399913e+01
3.400735e+01
3.401493e+01
3.402187e+01
3.402816e+01
3.403381e+01
3.403882e+01
3.404318e+01
3.404691e+01
3.404999e+01
3.405243e+01
3.405422e+01
3.405538e+01
3.405590e+01
3.405579e+01
3.405503e+01
3.405364e+01
3.405161e+01
3.404894e+01
3.404564e+01
3.404170e+01
3.403713e+01
3.403193e+01
3.402609e+01
3.401962e+01
3.401252e+01
3.400479e+01
3.399643e+01
3.398744e+01
3.397783e+01
3.396758e+01
3.395671e+01
3.394521e+01
3.393309e+01
3.392034e+01
3.390697e+01
3.389297e+01
3.387836e+01
3.386312e+01
3.384727e+01
3.383079e+01
3.381369e+01
3.379598e+01
3.377765e+01
3.375871e+01
3.373915e+01
3.371897e+01
3.369819e+01
3.367679e+01
3.365478e+01
3.363216e+01
3.360893e+01
3.358509e+01
3.356065e+01
3.353560e+01
3.350994e+01
3.348369e+01
3.345682e+01
3.342936e+01
3.340129e+01
3.337263e+01
3.334336e+01
3.331350e+01
3.328304e+01
3.325199e+01
3.322034e+01
3.318810e+01
3.315527e+01
3.312184e+01
3.308783e+01
3.305323e+01
3.301804e+01
3.298226e+01
3.294590e+01
3.290895e+01
3.287142e+01
3.283331e+01
3.279462e+01
3.275535e+01
3.271551e+01
3.267508e+01
3.263409e+01
3.259251e+01
3.255037e+01
3.250765e+01
3.246436e+01
3.242051e+01
3.237609e+01
3.233110e+01
3.228554e+01
3.223943e+01
3.219275e+01
3.214551e+01
3.209771e+01
3.204935e+01
3.200044e+01
3.195097e+01
3.190095e+01
3.185037e+01
3.179925e+01
3.174757e+01
3.169535e+01
3.164258e+01
3.158926e+01
3.153540e+01
3.148100e+01
3.142606e+01
3.137058e+01
3.131456e+01
3.125801e+01
3.120092e+01
3.114330e+01
3.108515e+01
3.102646e+01
3.096725e+01
3.090751e+01
3.084725e+01
3.078646e+01
3.072515e+01
3.066332e+01
3.060097e+01
3.053810e+01
3.047472e+01
3.041082e+01
3.034642e+01
3.028150e+01
3.021607e+01
3.015013e+01
3.008369e+01
3.001674e+01
2.994929e+01
2.988134e+01
2.981289e+01
2.974395e+01
2.967451e+01
2.960457e+01
2.953414e+01
2.946322e+01
2.939182e+01
2.931992e+01
2.924754e+01
2.917468e+01
2.910133e+01
2.902751e+01
2.895321e+01
2.887843e+01
2.880317e+01
2.872745e+01
2.865125e+01
2.857458e+01
2.849745e+01
2.841985e+01
2.834179e+01
2.826326e+01
2.818428e+01
2.810484e+01
2.802494e+01
2.794458e+01
2.786378e+01
2.778252e+01
2.770082e+01
2.761867e+01
2.753607e+01
2.745303e+01
2.736955e+01
2.728563e+01
2.720128e+01
2.711649e+01
2.703126e+01
2.694561e+01
2.685952e+01
2.677301e+01
2.668607e+01
2.659871e+01
2.651093e+01
2.642273e+01
2.633411e+01
2.624508e+01
2.615563e+01
2.606577e+01
2.597550e+01
2.588483e+01
2.579375e+01
2.570226e+01
2.561038e+01
2.551809e+01
2.542541e+01
2.533234e+01
2.523887e+01
2.514501e+01
2.505076e+01
2.495612e+01
2.486110e+01
2.476570e+01
2.466992e+01
2.457375e+01
2.447722e+01
2.438031e+01
2.428302e+01
2.418537e+01
2.408735e+01
2.398896e+01
2.389021e+01
2.379110e+01
2.369163e+01
2.359180e+01
2.349162e+01
2.339108e+01
2.329020e+01
2.318896e+01
2.308738e+01
2.298546e+01
2.288320e+01
2.278059e+01
2.267765e+01
2.257437e+01
2.247076e+01
2.236682e+01
2.226255e+01
2.215795e+01
2.205303e+01
2.194779e+01
2.184223e+01
2.173635e+01
2.163016e+01
2.152365e+01
2.141683e+01
2.130971e+01
2.120228e+01
2.109454e+01
2.098650e+01
2.087817e+01
2.076953e+01
2.066061e+01
2.055139e+01
2.044187e+01
2.033208e+01
2.022199e+01
2.011162e+01
2.000097e+01
1.989005e+01
1.977884e+01
1.966736e+01
1.955562e+01
1.944360e+01
1.933131e+01
1.921876e+01
1.910594e+01
1.899287e+01
1.887954e+01
1.876595e+01
1.865211e+01
1.853802e+01
1.842368e+01
1.830909e+01
1.819426e+01
1.807919e+01
1.796388e+01
1.784833e+01
1.773255e+01
1.761654e+01
1.750029e+01
1.738382e+01
1.726713e+01
1.715021e+01
1.703307e+01
1.691571e+01
1.679814e+01
1.668036e+01
1.656236e+01
1.644416e+01
1.632575e+01
1.620713e+01
1.608832e+01
1.596930e+01
1.585009e+01
1.573069e+01
1.561110e+01
1.549131e+01
1.537134e+01
1.525118e+01
1.513085e+01
1.501033e+01
1.488963e+01
1.476877e+01
1.464772e+01
1.452651e+01
1.440513e+01
1.428359e+01
1.416188e+01
1.404002e+01
1.391799e+01
1.379581e+01
1.367348e+01
1.355099e+01
1.342836e+01
1.330559e+01
1.318266e+01
1.305960e+01
1.293640e+01
1.281307e+01
1.268960e+01
1.256599e+01
1.244226e+01
1.231841e+01
1.219443e+01
1.207033e+01
1.194610e+01
1.182177e+01
1.169732e+01
1.157275e+01
1.144808e+01
1.132330e+01
1.119842e+01
1.107343e+01
1.094834e+01
1.082316e+01
1.069788e+01
1.057251e+01
1.044706e+01
1.032151e+01
1.019588e+01
1.007016e+01
9.944366e+00
9.818494e+00
9.692546e+00
9.566526e+00
9.440435e+00
9.314276e+00
9.188051e+00
9.061763e+00
8.935415e+00
8.809008e+00
8.682546e+00
8.556030e+00
8.429463e+00
8.302848e+00
8.176186e+00
8.049481e+00
7.922734e+00
7.795949e+00
7.669127e+00
7.542271e+00
7.415384e+00
7.288467e+00
7.161524e+00
7.034556e+00
6.907566e+00
6.780557e+00
6.653530e+00
6.526489e+00
6.399436e+00
6.272372e+00
6.145301e+00
6.018225e+00
5.891147e+00
5.764068e+00
5.636991e+00
5.509918e+00
5.382853e+00
5.255796e+00
5.128752e+00
5.001721e+00
4.874707e+00
4.747712e+00
4.620738e+00
4.493788e+00
4.366863e+00
4.239967e+00
4.113102e+00
3.986270e+00
3.859473e+00
3.732714e+00
3.605995e+00
3.479319e+00
3.352688e+00
3.226104e+00
3.099570e+00
2.973087e+00
2.846659e+00
2.720288e+00
2.593976e+00
2.467725e+00
2.341538e+00
2.215417e+00
2.089364e+00
1.963382e+00
1.837473e+00
1.711639e+00
1.585883e+00
1.460207e+00
1.334614e+00
1.209105e+00
1.083683e+00
9.583497e-01
8.331084e-01
7.079610e-01
5.829097e-01
4.579568e-01
3.331047e-01
2.083555e-01
8.371167e-02
-4.082463e-02
-1.652511e-01
-2.895654e-01
-4.137654e-01
-5.378487e-01
-6.618131e-01
-7.856564e-01
-9.093763e-01
-1.032970e+00
-1.156437e+00
-1.279773e+00
-1.402977e+00
-1.526046e+00
-1.648978e+00
-1.771772e+00
-1.894424e+00
-2.016932e+00
-2.139295e+00
-2.261510e+00
-2.383574e+00
-2.505487e+00
-2.627245e+00
-2.748846e+00
-2.870288e+00
-2.991570e+00
-3.112688e+00
-3.233640e+00
-3.354425e+00
-3.475041e+00
-3.595484e+00
-3.715753e+00
-3.835847e+00
-3.955761e+00
-4.075496e+00
-4.195047e+00
-4.314414e+00
-4.433594e+00
-4.552585e+00
-4.671385e+00
-4.789992e+00
-4.908403e+00
-5.026617e+00
-5.144632e+00
-5.262445e+00
-5.380054e+00
-5.497457e+00
-5.614653e+00
-5.731639e+00
-5.848412e+00
-5.964972e+00
-6.081316e+00
-6.197441e+00
-6.313347e+00
-6.429030e+00
-6.544489e+00
-6.659721e+00
-6.774726e+00
-6.889500e+00
-7.004042e+00
-7.118349e+00
-7.232421e+00
-7.346254e+00
-7.459846e+00
-7.573197e+00
-7.686303e+00
-7.799163e+00
-7.911775e+00
-8.024137e+00
-8.136247e+00
-8.248103e+00
-8.359703e+00
-8.471045e+00
-8.582128e+00
-8.692949e+00
-8.803506e+00
-8.913797e+00
-9.023822e+00
-9.133577e+00
-9.243060e+00
-9.352271e+00
-9.461207e+00
-9.569866e+00
-9.678246e+00
-9.786346e+00
-9.894164e+00
-1.000170e+01
-1.010894e+01
-1.021590e+01
-1.032257e+01
-1.042895e+01
-1.053504e+01
-1.064083e+01
-1.074632e+01
-1.085151e+01
-1.095641e+01
-1.106100e+01
-1.116529e+01
-1.126927e+01
-1.137294e+01
-1.147631e+01
-1.157936e+01
-1.168210e+01
-1.178453e+01
-1.188664e+01
-1.198844e+01
-1.208991e+01
-1.219106e+01
-1.229189e+01
-1.239239e+01
-1.249257e+01
-1.259242e+01
-1.269194e+01
-1.279113e+01
-1.288999e+01
-1.298851e+01
-1.308670e+01
-1.318454e+01
-1.328205e+01
-1.337922e+01
-1.347604e+01
-1.357252e+01
-1.366866e+01
-1.376445e+01
-1.385988e+01
-1.395497e+01
-1.404971e+01
-1.414409e+01
-1.423811e+01
-1.433178e+01
-1.442510e+01
-1.451805e+01
-1.461064e+01
-1.470287e+01
-1.479473e+01
-1.488623e+01
-1.497736e+01
-1.506812e+01
-1.515851e+01
-1.524853e+01
-1.533818e+01
-1.542745e+01
-1.551635e+01
-1.560487e+01
-1.569301e+01
-1.578077e+01
-1.586815e+01
-1.595514e+01
-1.604176e+01
-1.612798e+01
-1.621382e+01
-1.629927e+01
-1.638433e+01
-1.646900e+01
-1.655328e+01
-1.663716e+01
-1.672065e+01
-1.680374e+01
-1.688644e+01
-1.696873e+01
-1.705063e+01
-1.713212e+01
-1.721321e+01
-1.729390e+01
-1.737418e+01
-1.745406e+01
-1.753353e+01
-1.761258e+01
-1.769123e+01
-1.776947e+01
-1.784729e+01
-1.792470e+01
-1.800170e+01
-1.807828e+01
-1.815444e+01
-1.823019e+01
-1.830551e+01
-1.838041e+01
-1.845489e+01
-1.852895e+01
-1.860259e+01
-1.867580e+01
-1.874858e+01
-1.882094e+01
-1.889286e+01
-1.896436e+01
-1.903543e+01
-1.910607e+01
-1.917627e+01
-1.924604e+01
-1.931538e+01
-1.938427e+01
-1.945274e+01
-1.952076e+01
-1.958835e+01
-1.965550e+01
-1.972220e+01
-1.978847e+01
-1.985429e+01
-1.991967e+01
-1.998460e+01
-2.004909e+01
-2.011313e+01
-2.017673e+01
-2.023988e+01
-2.030258e+01
-2.036483e+01
-2.042662e+01
-2.048797e+01
-2.054887e+01
-2.060931e+01
-2.066929e+01
-2.072883e+01
-2.078790e+01
-2.084652e+01
-2.090469e+01
-2.096239e+01
-2.101964e+01
-2.107643e+01
-2.113275e+01
-2.118862e+01
-2.124402e+01
-2.129896e+01
-2.135344e+01
-2.140746e+01
-2.146100e+01
-2.151409e+01
-2.156671e+01
-2.161886e+01
-2.167054e+01
-2.172176e+01
-2.177250e+01
-2.182278e+01
-2.187259e+01
-2.192193e+01
-2.197079e+01
-2.201919e+01
-2.206711e+01
-2.211456e+01
-2.216153e+01
-2.220803e+01
-2.225406e+01
-2.229961e+01
-2.234469e+01
-2.238929e+01
-2.243341e+01
-2.247706e+01
-2.252022e+01
-2.256291e+01
-2.260512e+01
-2.264686e+01
-2.268811e+01
-2.272888e+01
-2.276917e+01
-2.280898e+01
-2.284831e+01
-2.288716e+01
-2.292552e+01
-2.296341e+01
-2.300081e+01
-2.303772e+01
-2.307416e+01
-2.311011e+01
-2.314557e+01
-2.318055e+01
-2.321504e+01
-2.324905e+01
-2.328258e+01
-2.331561e+01
-2.334817e+01
-2.338023e+01
-2.341181e+01
-2.344290e+01
-2.347350e+01
-2.350362e+01
-2.353325e+01
-2.356239e+01
-2.359104e+01
-2.361920e+01
-2.364688e+01
-2.367406e+01
-2.370076e+01
-2.372697e+01
-2.375269e+01
-2.377792e+01
-2.380266e+01
-2.382691e+01
-2.385067e+01
-2.387394e+01
-2.389672e+01
-2.391901e+01
-2.394081e+01
-2.396212e+01
-2.398294e+01
-2.400327e+01
-2.402311e+01
-2.404245e+01
-2.406131e+01
-2.407968e+01
-2.409756e+01
-2.411494e+01
-2.413184e+01
-2.414824e+01
-2.416416e+01
-2.417958e+01
-2.419452e+01
-2.420896e+01
-2.422291e+01
-2.423638e+01
-2.424935e+01
-2.426183e+01
-2.427383e+01
-2.428533e+01
-2.429635e+01
-2.430687e+01
-2.431691e+01
-2.432646e+01
-2.433551e+01
-2.434408e+01
-2.435216e+01
-2.435975e+01
-2.436686e+01
-2.437347e+01
-2.437960e+01
-2.438524e+01
-2.439039e+01
-2.439506e+01
-2.439924e+01
-2.440293e+01
-2.440614e+01
-2.440886e+01
-2.441109e+01
-2.441284e+01
-2.441410e+01
-2.441488e+01
-2.441518e+01
-2.441499e+01
-2.441432e+01
-2.441316e+01
-2.441152e+01
-2.440940e+01
-2.440679e+01
-2.440370e+01
-2.440014e+01
-2.439609e+01
-2.439156e+01
-2.438655e+01
-2.438106e+01
-2.437509e+01
-2.436864e+01
-2.436171e+01
-2.435431e+01
-2.434642e+01
-2.433807e+01
-2.432923e+01
-2.431992e+01
-2.431013e+01
-2.429987e+01
-2.428913e+01
-2.427792e+01
-2.426624e+01
-2.425408e+01
-2.424145e+01
-2.422835e+01
-2.421478e+01
-2.420074e+01
-2.418622e+01
-2.417124e+01
-2.415579e+01
-2.413987e+01
-2.412349e+01
-2.410664e+01
-2.408932e+01
-2.407154e+01
-2.405329e+01
-2.403458e+01
-2.401540e+01
-2.399576e+01
-2.397566e+01
-2.395510e+01
-2.393408e+01
-2.391260e+01
-2.389066e+01
-2.386826e+01
-2.384540e+01
-2.382209e+01
-2.379832e+01
-2.377410e+01
-2.374942e+01
-2.372429e+01
-2.369870e+01
-2.367266e+01
-2.364617e+01
-2.361924e+01
-2.359185e+01
-2.356401e+01
-2.353573e+01
-2.350700e+01
-2.347782e+01
-2.344820e+01
-2.341813e+01
-2.338762e+01
-2.335666e+01
-2.332527e+01
-2.329344e+01
-2.326116e+01
-2.322845e+01
-2.319529e+01
-2.316171e+01
-2.312768e+01
-2.309322e+01
-2.305833e+01
-2.302300e+01
-2.298724e+01
-2.295105e+01
-2.291443e+01
-2.287739e+01
-2.283991e+01
-2.280201e+01
-2.276368e+01
-2.272492e+01
-2.268574e+01
-2.264614e+01
-2.260612e+01
-2.256568e+01
-2.252481e+01
-2.248353e+01
-2.244183e+01
-2.239972e+01
-2.235719e+01
-2.231424e+01
-2.227089e+01
-2.222712e+01
-2.218294e+01
-2.213835e+01
-2.209335e+01
-2.204794e+01
-2.200213e+01
-2.195592e+01
-2.190930e+01
-2.186228e+01
-2.181485e+01
-2.176703e+01
-2.171881e+01
-2.167019e+01
-2.162117e+01
-2.157176e+01
-2.152195e+01
-2.147176e+01
-2.142117e+01
-2.137019e+01
-2.131882e+01
-2.126706e+01
-2.121492e+01
-2.116239e+01
-2.110948e+01
-2.105618e+01
-2.100251e+01
-2.094845e+01
-2.089402e+01
-2.083921e+01
-2.078402e+01
-2.072846e+01
-2.067252e+01
-2.061622e+01
-2.055954e+01
-2.050249e+01
-2.044508e+01
-2.038730e+01
-2.032915e+01
-2.027064e+01
-2.021177e+01
-2.015254e+01
-2.009294e+01
-2.003299e+01
-1.997269e+01
-1.991202e+01
-1.985101e+01
-1.978964e+01
-1.972792e+01
-1.966585e+01
-1.960343e+01
-1.954067e+01
-1.947756e+01
-1.941411e+01
-1.935032e+01
-1.928618e+01
-1.922171e+01
-1.915690e+01
-1.909175e+01
-1.902627e+01
-1.896045e+01
-1.889430e+01
-1.882783e+01
-1.876102e+01
-1.869389e+01
-1.862643e+01
-1.855865e+01
-1.849054e+01
-1.842212e+01
-1.835337e+01
-1.828431e+01
-1.821493e+01
-1.814524e+01
-1.807523e+01
-1.800491e+01
-1.793429e+01
-1.786335e+01
-1.779211e+01
-1.772056e+01
-1.764871e+01
-1.757656e+01
-1.750410e+01
-1.743135e+01
-1.735830e+01
-1.728496e+01
-1.721132e+01
-1.713739e+01
-1.706317e+01
-1.698867e+01
-1.691387e+01
-1.683879e+01
-1.676343e+01
-1.668778e+01
-1.661185e+01
-1.653565e+01
-1.645916e+01
-1.638241e+01
-1.630538e+01
-1.622807e+01
-1.615050e+01
-1.607266e+01
-1.599455e+01
-1.591617e+01
-1.583754e+01
-1.575864e+01
-1.567948e+01
-1.560006e+01
-1.552039e+01
-1.544046e+01
-1.536028e+01
-1.527985e+01
-1.519916e+01
-1.511824e+01
-1.503706e+01
-1.495564e+01
-1.487398e+01
-1.479207e+01
-1.470993e+01
-1.462755e+01
-1.454494e+01
-1.446209e+01
-1.437901e+01
-1.429570e+01
-1.421217e+01
-1.412840e+01
-1.404441e+01
-1.396020e+01
-1.387577e+01
-1.379112e+01
-1.370625e+01
-1.362116e+01
-1.353587e+01
-1.345036e+01
-1.336464e+01
-1.327871e+01
-1.319257e+01
-1.310623e+01
-1.301969e+01
-1.293295e+01
-1.284601e+01
-1.275887e+01
-1.267153e+01
-1.258401e+01
-1.249629e+01
-1.240838e+01
-1.232028e+01
-1.223200e+01
-1.214353e+01
-1.205488e+01
-1.196605e+01
-1.187704e+01
-1.178785e+01
-1.169849e+01
-1.160896e+01
-1.151925e+01
-1.142938e+01
-1.133934e+01
-1.124913e+01
-1.115876e+01
-1.106823e+01
-1.097754e+01
-1.088669e+01
-1.079568e+01
-1.070452e+01
-1.061321e+01
-1.052175e+01
-1.043014e+01
-1.033838e+01
-1.024648e+01
-1.015443e+01
-1.006225e+01
-9.969924e+00
-9.877463e+00
-9.784867e+00
-9.692138e+00
-9.599278e+00
-9.506289e+00
-9.413172e+00
-9.319930e+00
-9.226565e+00
-9.133078e+00
-9.039471e+00
-8.945747e+00
-8.851907e+00
-8.757953e+00
-8.663887e+00
-8.569711e+00
-8.475427e+00
-8.381037e+00
-8.286543e+00
-8.191947e+00
-8.097250e+00
-8.002455e+00
-7.907563e+00
-7.812577e+00
-7.717499e+00
-7.622330e+00
-7.527072e+00
-7.431727e+00
-7.336298e+00
-7.240786e+00
-7.145193e+00
-7.049521e+00
-6.953772e+00
-6.857948e+00
-6.762051e+00
-6.666083e+00
-6.570045e+00
-6.473940e+00
-6.377770e+00
-6.281537e+00
-6.185242e+00
-6.088887e+00
-5.992475e+00
-5.896007e+00
-5.799486e+00
-5.702913e+00
-5.606290e+00
-5.509620e+00
-5.412903e+00
-5.316143e+00
-5.219340e+00
-5.122498e+00
-5.025617e+00
-4.928701e+00
-4.831750e+00
-4.734766e+00
-4.637753e+00
-4.540711e+00
-4.443643e+00
-4.346550e+00
-4.249434e+00
-4.152298e+00
-4.055143e+00
-3.957972e+00
-3.860785e+00
-3.763586e+00
-3.666376e+00
-3.569157e+00
-3.471930e+00
-3.374699e+00
-3.277464e+00
-3.180228e+00
-3.082993e+00
-2.985760e+00
-2.888532e+00
-2.791310e+00
-2.694097e+00
-2.596893e+00
-2.499702e+00
-2.402525e+00
-2.305365e+00
-2.208222e+00
-2.111098e+00
-2.013997e+00
-1.916919e+00
-1.819867e+00
-1.722843e+00
-1.625848e+00
-1.528884e+00
-1.431953e+00
-1.335058e+00
-1.238199e+00
-1.141380e+00
-1.044601e+00
-9.478650e-01
-8.511736e-01
-7.545287e-01
-6.579322e-01
-5.613860e-01
-4.648919e-01
-3.684519e-01
-2.720678e-01
-1.757415e-01
-7.947490e-02
1.673015e-02
1.128718e-01
2.089481e-01
3.049573e-01
4.008974e-01
4.967667e-01
5.925632e-01
6.882851e-01
7.839306e-01
8.794977e-01
9.749846e-01
1.070390e+00
1.165711e+00
1.260946e+00
1.356094e+00
1.451153e+00
1.546120e+00
1.640994e+00
1.735774e+00
1.830456e+00
1.925040e+00
2.019524e+00
2.113906e+00
2.208184e+00
2.302356e+00
2.396420e+00
2.490376e+00
2.584220e+00
2.677951e+00
2.771567e+00
2.865066e+00
2.958448e+00
3.051709e+00
3.144848e+00
3.237864e+00
3.330754e+00
3.423517e+00
3.516151e+00
3.608654e+00
3.701025e+00
3.793261e+00
3.885362e+00
3.977325e+00
4.069148e+00
4.160830e+00
4.252369e+00
4.343763e+00
4.435011e+00
4.526110e+00
4.617060e+00
4.707858e+00
4.798503e+00
4.888993e+00
4.979326e+00
5.069501e+00
5.159515e+00
5.249368e+00
5.339057e+00
5.428581e+00
5.517938e+00
5.607126e+00
5.696144e+00
5.784991e+00
5.873664e+00
5.962161e+00
6.050482e+00
6.138624e+00
6.226586e+00
6.314366e+00
6.401963e+00
6.489375e+00
6.576600e+00
6.663636e+00
6.750483e+00
6.837138e+00
6.923600e+00
7.009867e+00
7.095938e+00
7.181811e+00
7.267484e+00
7.352956e+00
7.438225e+00
7.523290e+00
7.608150e+00
7.692801e+00
7.777244e+00
7.861476e+00
7.945496e+00
8.029303e+00
8.112894e+00
8.196269e+00
8.279425e+00
8.362362e+00
8.445077e+00
8.527569e+00
8.609837e+00
8.691880e+00
8.773695e+00
8.855281e+00
8.936637e+00
9.017761e+00
9.098651e+00
9.179307e+00
9.259727e+00
9.339909e+00
9.419852e+00
9.499555e+00
9.579015e+00
9.658232e+00
9.737205e+00
9.815930e+00
9.894409e+00
9.972638e+00
1.005062e+01
1.012834e+01
1.020582e+01
1.028303e+01
1.036000e+01
1.043670e+01
1.051315e+01
1.058933e+01
1.066526e+01
1.074092e+01
1.081631e+01
1.089144e+01
1.096631e+01
1.104090e+01
1.111523e+01
1.118928e+01
1.126307e+01
1.133658e+01
1.140981e+01
1.148277e+01
1.155545e+01
1.162785e+01
1.169997e+01
1.177181e+01
1.184337e+01
1.191464e+01
1.198563e+01
1.205633e+01
1.212674e+01
1.219687e+01
1.226671e+01
1.233625e+01
1.240550e+01
1.247446e+01
1.254312e+01
1.261149e+01
1.267956e+01
1.274733e+01
1.281480e+01
1.288197e+01
1.294884e+01
1.301540e+01
1.308167e+01
1.314762e+01
1.321327e+01
1.327861e+01
1.334364e+01
1.340837e+01
1.347278e+01
1.353688e+01
1.360066e+01
1.366413e+01
1.372729e+01
1.379013e+01
1.385265e+01
1.391485e+01
1.397674e+01
1.403830e+01
1.409954e+01
1.416046e+01
1.422106e+01
1.428132e+01
1.434127e+01
1.440089e+01
1.446017e+01
1.451913e+01
1.457776e+01
1.463606e+01
1.469403e+01
1.475167e+01
1.480897e+01
1.486593e+01
1.492257e+01
1.497886e+01
1.503482e+01
1.509044e+01
1.514571e+01
1.520065e+01
1.525525e+01
1.530951e+01
1.536342e+01
1.541699e+01
1.547021e+01
1.552309e+01
1.557563e+01
1.562781e+01
1.567965e+01
1.573114e+01
1.578228e+01
1.583306e+01
1.588350e+01
1.593359e+01
1.598332e+01
1.603270e+01
1.608172e+01
1.613039e+01
1.617870e+01
1.622666e+01
1.627425e+01
1.632149e+01
1.636838e+01
1.641490e+01
1.646106e+01
1.650686e+01
1.655229e+01
1.659737e+01
1.664208e+01
1.668643e+01
1.673041e+01
1.677403e+01
1.681728e+01
1.686017e+01
1.690268e+01
1.694483e+01
1.698662e+01
1.702803e+01
1.706907e+01
1.710974e+01
1.715004e+01
1.718997e+01
1.722953e+01
1.726871e+01
1.730753e+01
1.734596e+01
1.738403e+01
1.742171e+01
1.745903e+01
1.749596e+01
1.753252e+01
1.756871e+01
1.760451e+01
1.763994e+01
1.767499e+01
1.770966e+01
1.774395e+01
1.777786e+01
1.781139e+01
1.784454e+01
1.787730e+01
1.790969e+01
1.794169e+01
1.797331e+01
1.800455e+01
1.803541e+01
1.806588e+01
1.809596e+01
1.812567e+01
1.815498e+01
1.818391e+01
1.821246e+01
1.824062e+01
1.826839e+01
1.829578e+01
1.832278e+01
1.834939e+01
1.837561e+01
1.840145e+01
1.842690e+01
1.845196e+01
1.847663e+01
1.850091e+01
1.852480e+01
1.854830e+01
1.857142e+01
1.859414e+01
1.861647e+01
1.863841e+01
1.865996e+01
1.868112e+01
1.870189e+01
1.872227e+01
1.874225e+01
1.876185e+01
1.878105e+01
1.879986e+01
1.881827e+01
1.883630e+01
1.885393e+01
1.887117e+01
1.888802e+01
1.890447e+01
1.892053e+01
1.893620e+01
1.895147e+01
1.896636e+01
1.898084e+01
1.899494e+01
1.900864e+01
1.902195e+01
1.903486e+01
1.904738e+01
1.905951e+01
1.907124e+01
1.908258e+01
1.909353e+01
1.910408e+01
1.911424e+01
1.912400e+01
1.913337e+01
1.914235e+01
1.915093e+01
1.915912e+01
1.916692e+01
1.917432e+01
1.918133e+01
1.918795e+01
1.919417e+01
1.920001e+01
1.920544e+01
1.921049e+01
1.921514e+01
1.921940e+01
1.922327e+01
1.922674e+01
1.922983e+01
1.923252e+01
1.923482e+01
1.923673e+01
1.923824e+01
1.923937e+01
1.924010e+01
1.924044e+01
1.924040e+01
1.923996e+01
1.923913e+01
1.923791e+01
1.923631e+01
1.923431e+01
1.923192e+01
1.922915e+01
1.922598e+01
1.922243e+01
1.921849e+01
1.921416e+01
1.920945e+01
1.920434e+01
1.919886e+01
1.919298e+01
1.918672e+01
1.918007e+01
1.917304e+01
1.916562e+01
1.915781e+01
1.914963e+01
1.914105e+01
1.913210e+01
1.912276e+01
1.911304e+01
1.910294e+01
1.909245e+01
1.908158e+01
1.907033e+01
1.905870e+01
1.904669e+01
1.903431e+01
1.902154e+01
1.900839e+01
1.899486e+01
1.898096e+01
1.896668e+01
1.895202e+01
1.893699e+01
1.892157e+01
1.890579e+01
1.888963e+01
1.887309e+01
1.885618e+01
1.883890e+01
1.882125e+01
1.880322e+01
1.878482e+01
1.876605e+01
1.874691e+01
1.872740e+01
1.870752e+01
1.868728e+01
1.866666e+01
1.864568e+01
1.862433e+01
1.860261e+01
1.858053e+01
1.855809e+01
1.853528e+01
1.851210e+01
1.848857e+01
1.846467e+01
1.844041e+01
1.841579e+01
1.839081e+01
1.836547e+01
1.833977e+01
1.831371e+01
1.828730e+01
1.826053e+01
1.823340e+01
1.820592e+01
1.817808e+01
1.814989e+01
1.812135e+01
1.809246e+01
1.806321e+01
1.803362e+01
1.800367e+01
1.797338e+01
1.794273e+01
1.791174e+01
1.788041e+01
1.784873e+01
1.781670e+01
1.778433e+01
1.775162e+01
1.771856e+01
1.768516e+01
1.765143e+01
1.761735e+01
1.758293e+01
1.754818e+01
1.751309e+01
1.747766e+01
1.744190e+01
1.740580e+01
1.736937e+01
1.733261e+01
1.729551e+01
1.725809e+01
1.722033e+01
1.718225e+01
1.714384e+01
1.710510e+01
1.706604e+01
1.702665e+01
1.698694e+01
1.694690e+01
1.690654e+01
1.686586e+01
1.682486e+01
1.678354e+01
1.674191e+01
1.669995e+01
1.665769e+01
1.661510e+01
1.657220e+01
1.652899e+01
1.648547e+01
1.644164e+01
1.639749e+01
1.635304e+01
1.630828e+01
1.626321e+01
1.621784e+01
1.617216e+01
1.612618e+01
1.607990e+01
1.603332e+01
1.598644e+01
1.593925e+01
1.589177e+01
1.584400e+01
1.579593e+01
1.574756e+01
1.569890e+01
1.564995e+01
1.560070e+01
1.555117e+01
1.550135e+01
1.545124e+01
1.540084e+01
1.535016e+01
1.529920e+01
1.524795e+01
1.519642e+01
1.514461e+01
1.509252e+01
1.504015e+01
1.498751e+01
1.493459e+01
1.488140e+01
1.482793e+01
1.477419e+01
1.472018e+01
1.466590e+01
1.461135e+01
1.455654e+01
1.450146e+01
1.444611e+01
1.439050e+01
1.433463e+01
1.427850e+01
1.422211e+01
1.416546e+01
1.410855e+01
1.405139e+01
1.399398e+01
1.393631e+01
1.387839e+01
1.382022e+01
1.376180e+01
1.370313e+01
1.364421e+01
1.358505e+01
1.352565e+01
1.346601e+01
1.340612e+01
1.334599e+01
1.328563e+01
1.322502e+01
1.316418e+01
1.310311e+01
1.304181e+01
1.298027e+01
1.291850e+01
1.285650e+01
1.279428e+01
1.273183e+01
1.266915e+01
1.260625e+01
1.254313e+01
1.247979e+01
1.241623e+01
1.235245e+01
1.228846e+01
1.222424e+01
1.215982e+01
1.209518e+01
1.203034e+01
1.196528e+01
1.190002e+01
1.183455e+01
1.176887e+01
1.170299e+01
1.163691e+01
1.157062e+01
1.150414e+01
1.143746e+01
1.137059e+01
1.130351e+01
1.123625e+01
1.116879e+01
1.110115e+01
1.103331e+01
1.096528e+01
1.089707e+01
1.082868e+01
1.076010e+01
1.069134e+01
1.062240e+01
1.055328e+01
1.048398e+01
1.041451e+01
1.034487e+01
1.027505e+01
1.020506e+01
1.013490e+01
1.006457e+01
9.994072e+00
9.923411e+00
9.852587e+00
9.781601e+00
9.710453e+00
9.639147e+00
9.567683e+00
9.496064e+00
9.424289e+00
9.352362e+00
9.280283e+00
9.208054e+00
9.135676e+00
9.063152e+00
8.990483e+00
8.917669e+00
8.844714e+00
8.771617e+00
8.698382e+00
8.625009e+00
8.551500e+00
8.477857e+00
8.404080e+00
8.330173e+00
8.256135e+00
8.181970e+00
8.107678e+00
8.033260e+00
7.958719e+00
7.884057e+00
7.809274e+00
7.734372e+00
7.659353e+00
7.584218e+00
7.508969e+00
7.433608e+00
7.358136e+00
7.282555e+00
7.206866e+00
7.131071e+00
7.055171e+00
6.979169e+00
6.903065e+00
6.826861e+00
6.750560e+00
6.674162e+00
6.597668e+00
6.521082e+00
6.444403e+00
6.367635e+00
6.290778e+00
6.213834e+00
6.136805e+00
6.059692e+00
5.982497e+00
5.905221e+00
5.827866e+00
5.750435e+00
5.672927e+00
5.595345e+00
5.517691e+00
5.439966e+00
5.362172e+00
5.284310e+00
5.206382e+00
5.128389e+00
5.050334e+00
4.972217e+00
4.894041e+00
4.815807e+00
4.737517e+00
4.659172e+00
4.580774e+00
4.502324e+00
4.423824e+00
4.345276e+00
4.266682e+00
4.188042e+00
4.109359e+00
4.030634e+00
3.951869e+00
3.873066e+00
3.794225e+00
3.715349e+00
3.636439e+00
3.557498e+00
3.478525e+00
3.399524e+00
3.320496e+00
3.241442e+00
3.162364e+00
3.083263e+00
3.004142e+00
2.925001e+00
2.845843e+00
2.766669e+00
2.687481e+00
2.608280e+00
2.529067e+00
2.449846e+00
2.370616e+00
2.291380e+00
2.212139e+00
2.132896e+00
2.053651e+00
1.974406e+00
1.895162e+00
1.815922e+00
1.736687e+00
1.657459e+00
1.578239e+00
1.499028e+00
1.419829e+00
1.340643e+00
1.261472e+00
1.182316e+00
1.103179e+00
1.024061e+00
9.449634e-01
8.658887e-01
7.868381e-01
7.078132e-01
6.288157e-01
5.498471e-01
4.709090e-01
3.920030e-01
3.131306e-01
2.342935e-01
1.554932e-01
7.673137e-02
-1.990511e-03
-8.067082e-02
-1.593080e-01
-2.379005e-01
-3.164466e-01
-3.949449e-01
-4.733938e-01
-5.517917e-01
-6.301371e-01
-7.084283e-01
-7.866639e-01
-8.648422e-01
-9.429617e-01
-1.021021e+00
-1.099018e+00
-1.176952e+00
-1.254821e+00
-1.332623e+00
-1.410357e+00
-1.488022e+00
-1.565615e+00
-1.643136e+00
-1.720582e+00
-1.797953e+00
-1.875246e+00
-1.952460e+00
-2.029594e+00
-2.106646e+00
-2.183615e+00
-2.260499e+00
-2.337296e+00
-2.414006e+00
-2.490625e+00
-2.567154e+00
-2.643591e+00
-2.719933e+00
-2.796180e+00
-2.872329e+00
-2.948381e+00
-3.024332e+00
-3.100182e+00
-3.175928e+00
-3.251571e+00
-3.327107e+00
-3.402536e+00
-3.477856e+00
-3.553066e+00
-3.628163e+00
-3.703148e+00
-3.778017e+00
-3.852771e+00
-3.927406e+00
-4.001923e+00
-4.076319e+00
-4.150592e+00
-4.224743e+00
-4.298768e+00
-4.372667e+00
-4.446438e+00
-4.520080e+00
-4.593591e+00
-4.666969e+00
-4.740215e+00
-4.813325e+00
-4.886299e+00
-4.959135e+00
-5.031832e+00
-5.104388e+00
-5.176803e+00
-5.249073e+00
-5.321199e+00
-5.393179e+00
-5.465011e+00
-5.536694e+00
-5.608227e+00
-5.679608e+00
-5.750836e+00
-5.821909e+00
-5.892827e+00
-5.963587e+00
-6.034189e+00
-6.104631e+00
-6.174911e+00
-6.245029e+00
-6.314982e+00
-6.384771e+00
-6.454393e+00
-6.523846e+00
-6.593131e+00
-6.662245e+00
-6.731186e+00
-6.799955e+00
-6.868549e+00
-6.936967e+00
-7.005208e+00
-7.073270e+00
-7.141153e+00
-7.208854e+00
-7.276373e+00
-7.343708e+00
-7.410859e+00
-7.477823e+00
-7.544600e+00
-7.611188e+00
-7.677586e+00
-7.743793e+00
-7.809807e+00
-7.875627e+00
-7.941253e+00
-8.006682e+00
-8.071914e+00
-8.136947e+00
-8.201780e+00
-8.266412e+00
-8.330842e+00
-8.395068e+00
-8.459089e+00
-8.522904e+00
-8.586513e+00
-8.649912e+00
-8.713103e+00
-8.776082e+00
-8.838850e+00
-8.901405e+00
-8.963745e+00
-9.025870e+00
-9.087778e+00
-9.149469e+00
-9.210941e+00
-9.272192e+00
-9.333223e+00
-9.394031e+00
-9.454616e+00
-9.514977e+00
-9.575112e+00
-9.635020e+00
-9.694700e+00
-9.754151e+00
-9.813372e+00
-9.872362e+00
-9.931120e+00
-9.989644e+00
-1.004793e+01
-1.010599e+01
-1.016381e+01
-1.022139e+01
-1.027873e+01
-1.033583e+01
-1.039269e+01
-1.044931e+01
-1.050569e+01
-1.056182e+01
-1.061771e+01
-1.067335e+01
-1.072875e+01
-1.078390e+01
-1.083879e+01
-1.089344e+01
-1.094784e+01
-1.100199e+01
-1.105588e+01
-1.110952e+01
-1.116290e+01
-1.121603e+01
-1.126890e+01
-1.132152e+01
-1.137387e+01
-1.142597e+01
-1.147781e+01
-1.152938e+01
-1.158069e+01
-1.163174e+01
-1.168253e+01
-1.173305e+01
-1.178330e+01
-1.183329e+01
-1.188301e+01
-1.193246e+01
-1.198164e+01
-1.203055e+01
-1.207919e+01
-1.212755e+01
-1.217565e+01
-1.222347e+01
-1.227102e+01
-1.231829e+01
-1.236528e+01
-1.241200e+01
-1.245844e+01
-1.250460e+01
-1.255048e+01
-1.259608e+01
-1.264140e+01
-1.268643e+01
-1.273119e+01
-1.277566e+01
-1.281985e+01
-1.286375e+01
-1.290737e+01
-1.295070e+01
-1.299374e+01
-1.303649e+01
-1.307896e+01
-1.312114e+01
-1.316302e+01
-1.320462e+01
-1.324592e+01
-1.328693e+01
-1.332765e+01
-1.336808e+01
-1.340821e+01
-1.344804e+01
-1.348758e+01
-1.352682e+01
-1.356577e+01
-1.360442e+01
-1.364277e+01
-1.368082e+01
-1.371857e+01
-1.375603e+01
-1.379318e+01
-1.383003e+01
-1.386657e+01
-1.390282e+01
-1.393876e+01
-1.397440e+01
-1.400973e+01
-1.404476e+01
-1.407948e+01
-1.411390e+01
-1.414801e+01
-1.418181e+01
-1.421531e+01
-1.424849e+01
-1.428137e+01
-1.431394e+01
-1.434620e+01
-1.437815e+01
-1.440979e+01
-1.444111e+01
-1.447213e+01
-1.450283e+01
-1.453322e+01
-1.456330e+01
-1.459306e+01
-1.462251e+01
-1.465164e+01
-1.468046e+01
-1.470896e+01
-1.473715e+01
-1.476502e+01
-1.479257e+01
-1.481981e+01
-1.484673e+01
-1.487333e+01
-1.489961e+01
-1.492558e+01
-1.495122e+01
-1.497655e+01
-1.500156e+01
-1.502624e+01
-1.505061e+01
-1.507465e+01
-1.509837e+01
-1.512177e+01
-1.514485e+01
-1.516761e+01
-1.519004e+01
-1.521215e+01
-1.523394e+01
-1.525541e+01
-1.527655e+01
-1.529737e+01
-1.531786e+01
-1.533803e+01
-1.535787e+01
-1.537739e+01
-1.539658e+01
-1.541545e+01
-1.543399e+01
-1.545221e+01
-1.547010e+01
-1.548766e+01
-1.550490e+01
-1.552181e+01
-1.553839e+01
-1.555465e+01
-1.557058e+01
-1.558618e+01
-1.560145e+01
-1.561640e+01
-1.563102e+01
-1.564530e+01
-1.565927e+01
-1.567290e+01
-1.568620e+01
-1.569918e+01
-1.571183e+01
-1.572414e+01
-1.573613e+01
-1.574779e+01
-1.575912e+01
-1.577013e+01
-1.578080e+01
-1.579114e+01
-1.580116e+01
-1.581084e+01
-1.582020e+01
-1.582922e+01
-1.583792e+01
-1.584628e+01
-1.585432e+01
-1.586203e+01
-1.586941e+01
-1.587645e+01
-1.588317e+01
-1.588956e+01
-1.589562e+01
-1.590135e+01
-1.590675e+01
-1.591182e+01
-1.591656e+01
-1.592098e+01
-1.592506e+01
-1.592881e+01
-1.593224e+01
-1.593534e+01
-1.593810e+01
-1.594054e+01
-1.594265e+01
-1.594443e+01
-1.594589e+01
-1.594701e+01
-1.594781e+01
-1.594827e+01
-1.594841e+01
-1.594823e+01
-1.594771e+01
-1.594687e+01
-1.594570e+01
-1.594420e+01
-1.594238e+01
-1.594023e+01
-1.593775e+01
-1.593495e+01
-1.593182e+01
-1.592836e+01
-1.592458e+01
-1.592047e+01
-1.591604e+01
-1.591128e+01
-1.590620e+01
-1.590080e+01
-1.589507e+01
-1.588901e+01
-1.588263e+01
-1.587593e+01
-1.586891e+01
-1.586156e+01
-1.585389e+01
-1.584590e+01
-1.583759e+01
-1.582895e+01
-1.581999e+01
-1.581072e+01
-1.580112e+01
-1.579120e+01
-1.578096e+01
-1.577040e+01
-1.575953e+01
-1.574833e+01
-1.573682e+01
-1.572499e+01
-1.571284e+01
-1.570037e+01
-1.568759e+01
-1.567449e+01
-1.566107e+01
-1.564734e+01
-1.563329e+01
-1.561893e+01
-1.560425e+01
-1.558926e+01
-1.557396e+01
-1.555834e+01
-1.554242e+01
-1.552618e+01
-1.550962e+01
-1.549276e+01
-1.547559e+01
-1.545810e+01
-1.544031e+01
-1.542221e+01
-1.540380e+01
-1.538508e+01
-1.536605e+01
-1.534672e+01
-1.532708e+01
-1.530714e+01
-1.528689e+01
-1.526633e+01
-1.524547e+01
-1.522431e+01
-1.520284e+01
-1.518107e+01
-1.515900e+01
-1.513663e+01
-1.511396e+01
-1.509098e+01
-1.506771e+01
-1.504414e+01
-1.502027e+01
-1.499610e+01
-1.497164e+01
-1.494688e+01
-1.492182e+01
-1.489647e+01
-1.487083e+01
-1.484489e+01
-1.481865e+01
-1.479213e+01
-1.476531e+01
-1.473820e+01
-1.471080e+01
-1.468312e+01
-1.465514e+01
-1.462687e+01
-1.459832e+01
-1.456948e+01
-1.454036e+01
-1.451094e+01
-1.448125e+01
-1.445127e+01
-1.442101e+01
-1.439046e+01
-1.435963e+01
-1.432852e+01
-1.429714e+01
-1.426547e+01
-1.423352e+01
-1.420130e+01
-1.416880e+01
-1.413602e+01
-1.410296e+01
-1.406964e+01
-1.403604e+01
-1.400216e+01
-1.396801e+01
-1.393360e+01
-1.389891e+01
-1.386395e+01
-1.382872e+01
-1.379322e+01
-1.375746e+01
-1.372143e+01
-1.368514e+01
-1.364858e+01
-1.361176e+01
-1.357467e+01
-1.353732e+01
-1.349971e+01
-1.346184e+01
-1.342371e+01
-1.338533e+01
-1.334668e+01
-1.330778e+01
-1.326862e+01
-1.322921e+01
-1.318954e+01
-1.314963e+01
-1.310945e+01
-1.306903e+01
-1.302836e+01
-1.298744e+01
-1.294627e+01
-1.290485e+01
-1.286319e+01
-1.282128e+01
-1.277913e+01
-1.273673e+01
-1.269409e+01
-1.265121e+01
-1.260809e+01
-1.256473e+01
-1.252113e+01
-1.247729e+01
-1.243322e+01
-1.238891e+01
-1.234437e+01
-1.229959e+01
-1.225459e+01
-1.220934e+01
-1.216387e+01
-1.211817e+01
-1.207225e+01
-1.202609e+01
-1.197971e+01
-1.193310e+01
-1.188627e+01
-1.183922e+01
-1.179194e+01
-1.174444e+01
-1.169673e+01
-1.164879e+01
-1.160064e+01
-1.155227e+01
-1.150368e+01
-1.145488e+01
-1.140587e+01
-1.135665e+01
-1.130721e+01
-1.125756e+01
-1.120771e+01
-1.115764e+01
-1.110737e+01
-1.105690e+01
-1.100622e+01
-1.095534e+01
-1.090425e+01
-1.085296e+01
-1.080148e+01
-1.074979e+01
-1.069791e+01
-1.064583e+01
-1.059356e+01
-1.054109e+01
-1.048843e+01
-1.043558e+01
-1.038253e+01
-1.032930e+01
-1.027588e+01
-1.022227e+01
-1.016848e+01
-1.011450e+01
-1.006033e+01
-1.000599e+01
-9.951462e+00
-9.896756e+00
-9.841871e+00
-9.786809e+00
-9.731570e+00
-9.676156e+00
-9.620568e+00
-9.564807e+00
-9.508875e+00
-9.452773e+00
-9.396502e+00
-9.340063e+00
-9.283457e+00
-9.226686e+00
-9.169750e+00
-9.112652e+00
-9.055393e+00
-8.997973e+00
-8.940393e+00
-8.882656e+00
-8.824763e+00
-8.766713e+00
-8.708510e+00
-8.650154e+00
-8.591646e+00
-8.532988e+00
-8.474181e+00
-8.415227e+00
-8.356125e+00
-8.296879e+00
-8.237488e+00
-8.177955e+00
-8.118280e+00
-8.058466e+00
-7.998512e+00
-7.938421e+00
-7.878194e+00
-7.817832e+00
-7.757336e+00
-7.696708e+00
-7.635949e+00
-7.575060e+00
-7.514042e+00
-7.452898e+00
-7.391628e+00
-7.330233e+00
-7.268715e+00
-7.207075e+00
-7.145314e+00
-7.083435e+00
-7.021437e+00
-6.959323e+00
-6.897094e+00
-6.834750e+00
-6.772294e+00
-6.709727e+00
-6.647050e+00
-6.584264e+00
-6.521371e+00
-6.458372e+00
-6.395268e+00
-6.332061e+00
-6.268753e+00
-6.205343e+00
-6.141835e+00
-6.078228e+00
-6.014525e+00
-5.950727e+00
-5.886835e+00
-5.822850e+00
-5.758774e+00
-5.694609e+00
-5.630355e+00
-5.566014e+00
-5.501587e+00
-5.437076e+00
-5.372482e+00
-5.307806e+00
-5.243050e+00
-5.178215e+00
-5.113303e+00
-5.048314e+00
-4.983251e+00
-4.918114e+00
-4.852905e+00
-4.787626e+00
-4.722277e+00
-4.656860e+00
-4.591376e+00
-4.525827e+00
-4.460215e+00
-4.394540e+00
-4.328803e+00
-4.263007e+00
-4.197153e+00
-4.131242e+00
-4.065275e+00
-3.999254e+00
-3.933180e+00
-3.867055e+00
-3.800879e+00
-3.734655e+00
-3.668384e+00
-3.602066e+00
-3.535704e+00
-3.469299e+00
-3.402852e+00
-3.336365e+00
-3.269838e+00
-3.203274e+00
-3.136674e+00
-3.070038e+00
-3.003370e+00
-2.936669e+00
-2.869937e+00
-2.803176e+00
-2.736387e+00
-2.669571e+00
-2.602731e+00
-2.535866e+00
-2.468979e+00
-2.402071e+00
-2.335143e+00
-2.268197e+00
-2.201234e+00
-2.134255e+00
-2.067262e+00
-2.000257e+00
-1.933240e+00
-1.866213e+00
-1.799177e+00
-1.732135e+00
-1.665086e+00
-1.598033e+00
-1.530976e+00
-1.463918e+00
-1.396860e+00
-1.329802e+00
-1.262747e+00
-1.195696e+00
-1.128650e+00
-1.061610e+00
-9.945786e-01
-9.275561e-01
-8.605443e-01
-7.935444e-01
-7.265579e-01
-6.595862e-01
-5.926305e-01
-5.256923e-01
-4.587730e-01
-3.918739e-01
-3.249963e-01
-2.581417e-01
-1.913113e-01
-1.245067e-01
-5.772902e-02
9.020250e-03
7.573979e-02
1.424282e-01
2.090842e-01
2.757064e-01
3.422935e-01
4.088440e-01
4.753566e-01
5.418301e-01
6.082630e-01
6.746540e-01
7.410018e-01
8.073049e-01
8.735621e-01
9.397721e-01
1.005933e+00
1.072045e+00
1.138105e+00
1.204112e+00
1.270066e+00
1.335964e+00
1.401806e+00
1.467589e+00
1.533314e+00
1.598978e+00
1.664580e+00
1.730118e+00
1.795592e+00
1.861000e+00
1.926342e+00
1.991614e+00
2.056817e+00
2.121948e+00
2.187008e+00
2.251993e+00
2.316903e+00
2.381737e+00
2.446494e+00
2.511171e+00
2.575769e+00
2.640284e+00
2.704717e+00
2.769066e+00
2.833330e+00
2.897506e+00
2.961595e+00
3.025595e+00
3.089504e+00
3.153321e+00
3.217045e+00
3.280675e+00
3.344210e+00
3.407647e+00
3.470987e+00
3.534227e+00
3.597366e+00
3.660404e+00
3.723338e+00
3.786168e+00
3.848892e+00
3.911510e+00
3.974019e+00
4.036419e+00
4.098708e+00
4.160886e+00
4.222951e+00
4.284901e+00
4.346736e+00
4.408454e+00
4.470054e+00
4.531535e+00
4.592895e+00
4.654134e+00
4.715250e+00
4.776242e+00
4.837109e+00
4.897850e+00
4.958463e+00
5.018947e+00
5.079301e+00
5.139525e+00
5.199615e+00
5.259573e+00
5.319395e+00
5.379082e+00
5.438632e+00
5.498043e+00
5.557315e+00
5.616447e+00
5.675437e+00
5.734284e+00
5.792987e+00
5.851545e+00
5.909957e+00
5.968221e+00
6.026337e+00
6.084303e+00
6.142119e+00
6.199782e+00
6.257293e+00
6.314649e+00
6.371850e+00
6.428895e+00
6.485782e+00
6.542510e+00
6.599079e+00
6.655487e+00
6.711733e+00
6.767816e+00
6.823736e+00
6.879490e+00
6.935077e+00
6.990498e+00
7.045750e+00
7.100833e+00
7.155745e+00
7.210486e+00
7.265054e+00
7.319449e+00
7.373669e+00
7.427713e+00
7.481580e+00
7.535270e+00
7.588781e+00
7.642111e+00
7.695261e+00
7.748230e+00
7.801015e+00
7.853616e+00
7.906033e+00
7.958263e+00
8.010307e+00
8.062163e+00
8.113830e+00
8.165307e+00
8.216593e+00
8.267687e+00
8.318589e+00
8.369296e+00
8.419809e+00
8.470127e+00
8.520247e+00
8.570171e+00
8.619895e+00
8.669420e+00
8.718745e+00
8.767869e+00
8.816790e+00
8.865508e+00
8.914022e+00
8.962331e+00
9.010434e+00
9.058330e+00
9.106018e+00
9.153498e+00
9.200769e+00
9.247829e+00
9.294677e+00
9.341314e+00
9.387737e+00
9.433947e+00
9.479942e+00
9.525721e+00
9.571284e+00
9.616630e+00
9.661757e+00
9.706666e+00
9.751355e+00
9.795823e+00
9.840069e+00
9.884094e+00
9.927895e+00
9.971472e+00
1.001482e+01
1.005795e+01
1.010085e+01
1.014353e+01
1.018597e+01
1.022819e+01
1.027018e+01
1.031194e+01
1.035346e+01
1.039476e+01
1.043582e+01
1.047665e+01
1.051724e+01
1.055761e+01
1.059773e+01
1.063762e+01
1.067727e+01
1.071669e+01
1.075586e+01
1.079480e+01
1.083350e+01
1.087196e+01
1.091017e+01
1.094815e+01
1.098588e+01
1.102337e+01
1.106061e+01
1.109761e+01
1.113437e+01
1.117088e+01
1.120714e+01
1.124316e+01
1.127892e+01
1.131444e+01
1.134971e+01
1.138474e+01
1.141951e+01
1.145403e+01
1.148830e+01
1.152231e+01
1.155608e+01
1.158959e+01
1.162284e+01
1.165585e+01
1.168859e+01
1.172109e+01
1.175332e+01
1.178530e+01
1.181702e+01
1.184849e+01
1.187969e+01
1.191064e+01
1.194133e+01
1.197175e+01
1.200192e+01
1.203183e+01
1.206147e+01
1.209086e+01
1.211998e+01
1.214883e+01
1.217743e+01
1.220576e+01
1.223382e+01
1.226163e+01
1.228916e+01
1.231643e+01
1.234343e+01
1.237017e+01
1.239664e+01
1.242284e+01
1.244878e+01
1.247444e+01
1.249984e+01
1.252497e+01
1.254983e+01
1.257442e+01
1.259873e+01
1.262278e+01
1.264656e+01
1.267006e+01
1.269329e+01
1.271625e+01
1.273894e+01
1.276135e+01
1.278350e+01
1.280536e+01
1.282695e+01
1.284827e+01
1.286932e+01
1.289009e+01
1.291058e+01
1.293080e+01
1.295074e+01
1.297040e+01
1.298979e+01
1.300890e+01
1.302774e+01
1.304630e+01
1.306458e+01
1.308258e+01
1.310030e+01
1.311775e+01
1.313491e+01
1.315180e+01
1.316841e+01
