2.037707e+02 0
2.037618e+02 4.289676e-01
2.037353e+02 8.578325e-01
2.036909e+02 1.286502e+00
2.036284e+02 1.714898e+00
2.035473e+02 2.142973e+00
2.034473e+02 2.570715e+00
2.033277e+02 2.998152e+00
2.031878e+02 3.425368e+00
2.030270e+02 3.852505e+00
2.028443e+02 4.279771e+00
2.026389e+02 4.707448e+00
2.024099e+02 5.135895e+00
2.021560e+02 5.565562e+00
2.018764e+02 5.996979e+00
2.015699e+02 6.430766e+00
2.012354e+02 6.867657e+00
2.008718e+02 7.308455e+00
2.004779e+02 7.754062e+00
2.000526e+02 8.205506e+00
1.995949e+02 8.663863e+00
1.991038e+02 9.130301e+00
1.985781e+02 9.606123e+00
1.980170e+02 1.009264e+01
1.974197e+02 1.059124e+01
1.967854e+02 1.110343e+01
1.961134e+02 1.163069e+01
1.954033e+02 1.217455e+01
1.946545e+02 1.273663e+01
1.938667e+02 1.331847e+01
1.930398e+02 1.392160e+01
1.921736e+02 1.454768e+01
1.912681e+02 1.519817e+01
1.903238e+02 1.587449e+01
1.893406e+02 1.657817e+01
1.883191e+02 1.731049e+01
1.872600e+02 1.807264e+01
1.861636e+02 1.886588e+01
1.850309e+02 1.969121e+01
1.838627e+02 2.054948e+01
1.826599e+02 2.144160e+01
1.814234e+02 2.236818e+01
1.801544e+02 2.332966e+01
1.788538e+02 2.432653e+01
1.775230e+02 2.535898e+01
1.761629e+02 2.642701e+01
1.747749e+02 2.753067e+01
1.733600e+02 2.866973e+01
1.719195e+02 2.984374e+01
1.704545e+02 3.105232e+01
1.689661e+02 3.229484e+01
1.674554e+02 3.357048e+01
1.659236e+02 3.487846e+01
1.643716e+02 3.621780e+01
1.628004e+02 3.758736e+01
1.612109e+02 3.898604e+01
1.596040e+02 4.041259e+01
1.579805e+02 4.186560e+01
1.563411e+02 4.334374e+01
1.546866e+02 4.484554e+01
1.530176e+02 4.636941e+01
1.513347e+02 4.791385e+01
1.496384e+02 4.947725e+01
1.479292e+02 5.105790e+01
1.462075e+02 5.265418e+01
1.444738e+02 5.426439e+01
1.427284e+02 5.588678e+01
1.409715e+02 5.751965e+01
1.392036e+02 5.916125e+01
1.374249e+02 6.080981e+01
1.356355e+02 6.246360e+01
1.338357e+02 6.412085e+01
1.320257e+02 6.577982e+01
1.302056e+02 6.743874e+01
1.283757e+02 6.909586e+01
1.265360e+02 7.074944e+01
1.246868e+02 7.239775e+01
1.228282e+02 7.403902e+01
1.209603e+02 7.567155e+01
1.190833e+02 7.729363e+01
1.171973e+02 7.890348e+01
1.153025e+02 8.049945e+01
1.133991e+02 8.207983e+01
1.114872e+02 8.364286e+01
1.095670e+02 8.518692e+01
1.076387e+02 8.671032e+01
1.057024e+02 8.821129e+01
1.037584e+02 8.968826e+01
1.018068e+02 9.113955e+01
9.984786e+01 9.256338e+01
9.788178e+01 9.395826e+01
9.590874e+01 9.532251e+01
9.392891e+01 9.665437e+01
9.194252e+01 9.795239e+01
8.994974e+01 9.921495e+01
8.795073e+01 1.004403e+02
8.594568e+01 1.016271e+02
8.393474e+01 1.027738e+02
8.191802e+01 1.038787e+02
7.989569e+01 1.049405e+02
7.786783e+01 1.059578e+02
7.583453e+01 1.069290e+02
7.379588e+01 1.078530e+02
7.175194e+01 1.087285e+02
6.970273e+01 1.095541e+02
6.764830e+01 1.103288e+02
6.558866e+01 1.110515e+02
6.352380e+01 1.117210e+02
6.145374e+01 1.123367e+02
5.937848e+01 1.128976e+02
5.729800e+01 1.134028e+02
5.521232e+01 1.138519e+02
5.312147e+01 1.142442e+02
5.102546e+01 1.145792e+02
4.892438e+01 1.148566e+02
4.681832e+01 1.150762e+02
4.470739e+01 1.152377e+02
4.259177e+01 1.153411e+02
4.047171e+01 1.153866e+02
3.834744e+01 1.153740e+02
3.621932e+01 1.153037e+02
3.408774e+01 1.151761e+02
3.195316e+01 1.149913e+02
2.981611e+01 1.147499e+02
2.767720e+01 1.144526e+02
2.553709e+01 1.140997e+02
2.339653e+01 1.136920e+02
2.125633e+01 1.132303e+02
1.911739e+01 1.127150e+02
1.698065e+01 1.121471e+02
1.484712e+01 1.115275e+02
1.271791e+01 1.108568e+02
1.059414e+01 1.101359e+02
8.476991e+00 1.093658e+02
6.367724e+00 1.085472e+02
4.267609e+00 1.076811e+02
2.177945e+00 1.067684e+02
1.001245e-01 1.058099e+02
-1.964494e+00 1.048066e+02
-4.014539e+00 1.037595e+02
-6.048541e+00 1.026692e+02
-8.065095e+00 1.015368e+02
-1.006281e+01 1.003632e+02
-1.204018e+01 9.914929e+01
-1.399580e+01 9.789589e+01
-1.592830e+01 9.660404e+01
-1.783620e+01 9.527450e+01
-1.971810e+01 9.390821e+01
-2.157271e+01 9.250618e+01
-2.339857e+01 9.106918e+01
-2.519437e+01 8.959818e+01
-2.695889e+01 8.809418e+01
-2.869075e+01 8.655800e+01
-3.038873e+01 8.499062e+01
-3.205169e+01 8.339306e+01
-3.367836e+01 8.176619e+01
-3.526762e+01 8.011102e+01
-3.681844e+01 7.842859e+01
-3.832969e+01 7.671985e+01
-3.980030e+01 7.498581e+01
-4.122944e+01 7.322758e+01
-4.261604e+01 7.144614e+01
-4.395918e+01 6.964256e+01
-4.525815e+01 6.781798e+01
-4.651202e+01 6.597346e+01
-4.771998e+01 6.411008e+01
-4.888146e+01 6.222905e+01
-4.999567e+01 6.033146e+01
-5.106191e+01 5.841847e+01
-5.207976e+01 5.649130e+01
-5.304857e+01 5.455111e+01
-5.396775e+01 5.259909e+01
-5.483703e+01 5.063649e+01
-5.565590e+01 4.866452e+01
-5.642389e+01 4.668442e+01
-5.714087e+01 4.469745e+01
-5.780647e+01 4.270487e+01
-5.842034e+01 4.070794e+01
-5.898250e+01 3.870795e+01
-5.949272e+01 3.670618e+01
-5.995076e+01 3.470391e+01
-6.035678e+01 3.270245e+01
-6.071069e+01 3.070308e+01
-6.101238e+01 2.870711e+01
-6.126214e+01 2.671584e+01
-6.146003e+01 2.473056e+01
-6.160604e+01 2.275259e+01
-6.170060e+01 2.078321e+01
-6.174390e+01 1.882369e+01
-6.173605e+01 1.687539e+01
-6.167761e+01 1.493951e+01
-6.156891e+01 1.301734e+01
-6.141016e+01 1.111021e+01
-6.120206e+01 9.219298e+00
-6.094505e+01 7.345848e+00
-6.063947e+01 5.491176e+00
-6.028612e+01 3.656404e+00
-5.988558e+01 1.842738e+00
-5.943828e+01 5.146943e-02
-5.894515e+01 -1.716349e+00
-5.840687e+01 -3.459565e+00
-5.782399e+01 -5.176920e+00
-5.719753e+01 -6.867440e+00
-5.652830e+01 -8.530038e+00
-5.581692e+01 -1.016350e+01
-5.506453e+01 -1.176693e+01
-5.427202e+01 -1.333933e+01
-5.344014e+01 -1.487952e+01
-5.257008e+01 -1.638673e+01
-5.166284e+01 -1.786001e+01
-5.071927e+01 -1.929828e+01
-4.974061e+01 -2.070084e+01
-4.872797e+01 -2.206685e+01
-4.768227e+01 -2.339531e+01
-4.660482e+01 -2.468561e+01
-4.549679e+01 -2.593702e+01
-4.435920e+01 -2.714862e+01
-4.319340e+01 -2.831991e+01
-4.200062e+01 -2.945026e+01
-4.078196e+01 -3.053887e+01
-3.953881e+01 -3.158534e+01
-3.827245e+01 -3.258914e+01
-3.698406e+01 -3.354959e+01
-3.567502e+01 -3.446638e+01
-3.434668e+01 -3.533913e+01
-3.300026e+01 -3.616725e+01
-3.163718e+01 -3.695055e+01
-3.025879e+01 -3.768876e+01
-2.886639e+01 -3.838143e+01
-2.746137e+01 -3.902846e+01
-2.604511e+01 -3.962973e+01
-2.461894e+01 -4.018488e+01
-2.318427e+01 -4.069395e+01
-2.174246e+01 -4.115693e+01
-2.029486e+01 -4.157360e+01
-1.884287e+01 -4.194409e+01
-1.738785e+01 -4.226854e+01
-1.593116e+01 -4.254684e+01
-1.447417e+01 -4.277923e+01
-1.301822e+01 -4.296598e+01
-1.156467e+01 -4.310711e+01
-1.011486e+01 -4.320297e+01
-8.670086e+00 -4.325393e+01
-7.231701e+00 -4.326016e+01
-5.800998e+00 -4.322211e+01
-4.379245e+00 -4.314026e+01
-2.967750e+00 -4.301491e+01
-1.567763e+00 -4.284660e+01
-1.804968e-01 -4.263594e+01
1.192782e+00 -4.238334e+01
2.550880e+00 -4.208944e+01
3.892651e+00 -4.175495e+01
5.216881e+00 -4.138040e+01
6.522438e+00 -4.096653e+01
7.808256e+00 -4.051414e+01
9.073183e+00 -4.002387e+01
1.031616e+01 -3.949654e+01
1.153620e+01 -3.893306e+01
1.273223e+01 -3.833416e+01
1.390327e+01 -3.770074e+01
1.504842e+01 -3.703378e+01
1.616670e+01 -3.633413e+01
1.725721e+01 -3.560275e+01
1.831915e+01 -3.484069e+01
1.935164e+01 -3.404890e+01
2.035385e+01 -3.322838e+01
2.132511e+01 -3.238027e+01
2.226462e+01 -3.150557e+01
2.317166e+01 -3.060535e+01
2.404566e+01 -2.968081e+01
2.488595e+01 -2.873301e+01
2.569187e+01 -2.776307e+01
2.646301e+01 -2.677221e+01
2.719878e+01 -2.576158e+01
2.789864e+01 -2.473231e+01
2.856228e+01 -2.368567e+01
2.918925e+01 -2.262283e+01
2.977911e+01 -2.154498e+01
3.033166e+01 -2.045340e+01
3.084658e+01 -1.934927e+01
3.132352e+01 -1.823382e+01
3.176243e+01 -1.710832e+01
3.216309e+01 -1.597400e+01
3.252526e+01 -1.483208e+01
3.284903e+01 -1.368382e+01
3.313428e+01 -1.253047e+01
3.338090e+01 -1.137324e+01
3.358907e+01 -1.021339e+01
3.375883e+01 -9.052143e+00
3.389014e+01 -7.890725e+00
3.398333e+01 -6.730354e+00
3.403853e+01 -5.572236e+00
3.405583e+01 -4.417586e+00
3.403567e+01 -3.267577e+00
3.397829e+01 -2.123387e+00
3.388389e+01 -9.862113e-01
3.375300e+01 1.428332e-01
3.358601e+01 1.262609e+00
3.338319e+01 2.371949e+00
3.314520e+01 3.469803e+00
3.287250e+01 4.555084e+00
3.256549e+01 5.626662e+00
3.222491e+01 6.683562e+00
3.185134e+01 7.724760e+00
3.144525e+01 8.749169e+00
3.100747e+01 9.755899e+00
3.053869e+01 1.074400e+01
3.003947e+01 1.171243e+01
2.951071e+01 1.266039e+01
2.895318e+01 1.358702e+01
2.836753e+01 1.449134e+01
2.775473e+01 1.537265e+01
2.711563e+01 1.623016e+01
2.645096e+01 1.706297e+01
2.576174e+01 1.787047e+01
2.504889e+01 1.865198e+01
2.431321e+01 1.940669e+01
2.355578e+01 2.013407e+01
2.277756e+01 2.083355e+01
2.197943e+01 2.150439e+01
2.116249e+01 2.214619e+01
2.032776e+01 2.275847e+01
1.947619e+01 2.334059e+01
1.860887e+01 2.389225e+01
1.772688e+01 2.441308e+01
1.683120e+01 2.490254e+01
1.592297e+01 2.536045e+01
1.500326e+01 2.578651e+01
1.407310e+01 2.618034e+01
1.313364e+01 2.654181e+01
1.218595e+01 2.687077e+01
1.123111e+01 2.716693e+01
1.027024e+01 2.743028e+01
9.304429e+00 2.766076e+01
8.334766e+00 2.785820e+01
7.362356e+00 2.802269e+01
6.388289e+00 2.815429e+01
5.413650e+00 2.825294e+01
4.439524e+00 2.831880e+01
3.466981e+00 2.835208e+01
2.497099e+00 2.835280e+01
1.530932e+00 2.832123e+01
5.695213e-01 2.825768e+01
-3.860752e-01 2.816228e+01
-1.334840e+00 2.803541e+01
-2.275774e+00 2.787744e+01
-3.207849e+00 2.768864e+01
-4.130091e+00 2.746945e+01
-5.041555e+00 2.722037e+01
-5.941249e+00 2.694175e+01
-6.828254e+00 2.663412e+01
-7.701684e+00 2.629806e+01
-8.560599e+00 2.593402e+01
-9.404134e+00 2.554261e+01
-1.023148e+01 2.512449e+01
-1.104174e+01 2.468020e+01
-1.183414e+01 2.421042e+01
-1.260792e+01 2.371589e+01
-1.336227e+01 2.319723e+01
-1.409647e+01 2.265518e+01
-1.480987e+01 2.209055e+01
-1.550171e+01 2.150405e+01
-1.617135e+01 2.089645e+01
-1.681823e+01 2.026863e+01
-1.744168e+01 1.962135e+01
-1.804113e+01 1.895547e+01
-1.861612e+01 1.827188e+01
-1.916607e+01 1.757142e+01
-1.969049e+01 1.685497e+01
-2.018902e+01 1.612348e+01
-2.066116e+01 1.537782e+01
-2.110653e+01 1.461892e+01
-2.152484e+01 1.384774e+01
-2.191572e+01 1.306521e+01
-2.227884e+01 1.227227e+01
-2.261405e+01 1.146989e+01
-2.292107e+01 1.065904e+01
-2.319965e+01 9.840672e+00
-2.344974e+01 9.015778e+00
-2.367117e+01 8.185321e+00
-2.386378e+01 7.350271e+00
-2.402762e+01 6.511620e+00
-2.416262e+01 5.670336e+00
-2.426871e+01 4.827389e+00
-2.434605e+01 3.983756e+00
-2.439465e+01 3.140399e+00
-2.441456e+01 2.298285e+00
-2.440601e+01 1.458362e+00
-2.436914e+01 6.215797e-01
-2.430405e+01 -2.111093e-01
-2.421109e+01 -1.038793e+00
-2.409049e+01 -1.860548e+00
-2.394244e+01 -2.675441e+00
-2.376738e+01 -3.482606e+00
-2.356562e+01 -4.281156e+00
-2.333745e+01 -5.070183e+00
-2.308338e+01 -5.848879e+00
-2.280383e+01 -6.616399e+00
-2.249915e+01 -7.371871e+00
-2.216993e+01 -8.114549e+00
-2.181668e+01 -8.843642e+00
-2.143981e+01 -9.558319e+00
-2.104001e+01 -1.025791e+01
-2.061783e+01 -1.094167e+01
-2.017379e+01 -1.160883e+01
-1.970861e+01 -1.225879e+01
-1.922293e+01 -1.289088e+01
-1.871732e+01 -1.350438e+01
-1.819257e+01 -1.409877e+01
-1.764938e+01 -1.467347e+01
-1.708836e+01 -1.522780e+01
-1.651037e+01 -1.576134e+01
-1.591614e+01 -1.627357e+01
-1.530636e+01 -1.676390e+01
-1.468191e+01 -1.723199e+01
-1.404356e+01 -1.767741e+01
-1.339206e+01 -1.809964e+01
-1.272831e+01 -1.849842e+01
-1.205311e+01 -1.887341e+01
-1.136727e+01 -1.922418e+01
-1.067168e+01 -1.955055e+01
-9.967191e+00 -1.985228e+01
-9.254625e+00 -2.012901e+01
-8.534886e+00 -2.038066e+01
-7.808844e+00 -2.060707e+01
-7.077345e+00 -2.080799e+01
-6.341290e+00 -2.098340e+01
-5.601555e+00 -2.113325e+01
-4.859004e+00 -2.125737e+01
-4.114525e+00 -2.135583e+01
-3.368992e+00 -2.142867e+01
-2.623275e+00 -2.147581e+01
-1.878244e+00 -2.149741e+01
-1.134759e+00 -2.149360e+01
-3.936893e-01 -2.146438e+01
3.441214e-01 -2.141001e+01
1.077836e+00 -2.133068e+01
1.806598e+00 -2.122650e+01
2.529595e+00 -2.109779e+01
3.246022e+00 -2.094485e+01
3.955045e+00 -2.076786e+01
4.655889e+00 -2.056722e+01
5.347789e+00 -2.034330e+01
6.029942e+00 -2.009638e+01
6.701618e+00 -1.982691e+01
7.362101e+00 -1.953535e+01
8.010627e+00 -1.922206e+01
8.646515e+00 -1.888755e+01
9.269106e+00 -1.853234e+01
9.877682e+00 -1.815688e+01
1.047162e+01 -1.776172e+01
1.105032e+01 -1.734747e+01
1.161312e+01 -1.691463e+01
1.215946e+01 -1.646381e+01
1.268880e+01 -1.599566e+01
1.320055e+01 -1.551077e+01
1.369421e+01 -1.500977e+01
1.416931e+01 -1.449339e+01
1.462534e+01 -1.396223e+01
1.506184e+01 -1.341701e+01
1.547845e+01 -1.285845e+01
1.587471e+01 -1.228724e+01
1.625025e+01 -1.170412e+01
1.660477e+01 -1.110983e+01
1.693790e+01 -1.050511e+01
1.724933e+01 -9.890721e+00
1.753886e+01 -9.267440e+00
1.780620e+01 -8.636023e+00
1.805110e+01 -7.997247e+00
1.827346e+01 -7.351917e+00
1.847305e+01 -6.700804e+00
1.864972e+01 -6.044699e+00
1.880344e+01 -5.384409e+00
1.893408e+01 -4.720722e+00
1.904155e+01 -4.054432e+00
1.912592e+01 -3.386344e+00
1.918712e+01 -2.717248e+00
1.922516e+01 -2.047938e+00
1.924017e+01 -1.379203e+00
1.923220e+01 -7.118311e-01
1.920130e+01 -4.660775e-02
1.914771e+01 6.157002e-01
1.907153e+01 1.274320e+00
1.897291e+01 1.928479e+00
1.885215e+01 2.577442e+00
1.870944e+01 3.220457e+00
1.854501e+01 3.856775e+00
1.835922e+01 4.485698e+00
1.815234e+01 5.106505e+00
1.792467e+01 5.718472e+00
1.767663e+01 6.320951e+00
1.740859e+01 6.913258e+00
1.712088e+01 7.494701e+00
1.681401e+01 8.064686e+00
1.648840e+01 8.622574e+00
1.614446e+01 9.167713e+00
1.578275e+01 9.699568e+00
1.540375e+01 1.021755e+01
1.500793e+01 1.072106e+01
1.459589e+01 1.120961e+01
1.416818e+01 1.168269e+01
1.372531e+01 1.213974e+01
1.326794e+01 1.258034e+01
1.279666e+01 1.300405e+01
1.231203e+01 1.341034e+01
1.181474e+01 1.379891e+01
1.130543e+01 1.416934e+01
1.078470e+01 1.452120e+01
1.025326e+01 1.485422e+01
9.711798e+00 1.516810e+01
9.160935e+00 1.546243e+01
8.601419e+00 1.573704e+01
8.033944e+00 1.599170e+01
7.459177e+00 1.622607e+01
6.877870e+00 1.644006e+01
6.290737e+00 1.663351e+01
5.698471e+00 1.680614e+01
5.101824e+00 1.695795e+01
4.501520e+00 1.708884e+01
3.898271e+00 1.719864e+01
3.292823e+00 1.728739e+01
2.685900e+00 1.735508e+01
2.078228e+00 1.740161e+01
1.470536e+00 1.742711e+01
8.635437e-01 1.743162e+01
2.579787e-01 1.741513e+01
-3.454496e-01 1.737784e+01
-9.460354e-01 1.731987e+01
-1.543057e+00 1.724128e+01
-2.135832e+00 1.714232e+01
-2.723676e+00 1.702322e+01
-3.305881e+00 1.688408e+01
-3.881796e+00 1.672524e+01
-4.450768e+00 1.654698e+01
-5.012110e+00 1.634949e+01
-5.565208e+00 1.613315e+01
-6.109446e+00 1.589831e+01
-6.644166e+00 1.564524e+01
-7.168796e+00 1.537437e+01
-7.682765e+00 1.508612e+01
-8.185450e+00 1.478081e+01
-8.676328e+00 1.445894e+01
-9.154874e+00 1.412096e+01
-9.620512e+00 1.376728e+01
-1.007277e+01 1.339842e+01
-1.051117e+01 1.301489e+01
-1.093520e+01 1.261716e+01
-1.134442e+01 1.220579e+01
-1.173844e+01 1.178134e+01
-1.211678e+01 1.134432e+01
-1.247908e+01 1.089532e+01
-1.282499e+01 1.043495e+01
-1.315410e+01 9.963750e+00
-1.346611e+01 9.482354e+00
-1.376074e+01 8.991390e+00
-1.403764e+01 8.491449e+00
-1.429657e+01 7.983175e+00
-1.453732e+01 7.467223e+00
-1.475962e+01 6.944215e+00
-1.496329e+01 6.414811e+00
-1.514818e+01 5.879680e+00
-1.531409e+01 5.339468e+00
-1.546090e+01 4.794844e+00
-1.558856e+01 4.246487e+00
-1.569692e+01 3.695056e+00
-1.578593e+01 3.141226e+00
-1.585560e+01 2.585674e+00
-1.590586e+01 2.029066e+00
-1.593673e+01 1.472076e+00
-1.594830e+01 9.153729e-01
-1.594056e+01 3.596230e-01
-1.591359e+01 -1.945080e-01
-1.586755e+01 -7.463676e-01
-1.580251e+01 -1.295297e+00
-1.571861e+01 -1.840644e+00
-1.561607e+01 -2.381779e+00
-1.549504e+01 -2.918060e+00
-1.535572e+01 -3.448852e+00
-1.519839e+01 -3.973558e+00
-1.502327e+01 -4.491556e+00
-1.483061e+01 -5.002238e+00
-1.462076e+01 -5.505042e+00
-1.439400e+01 -5.999379e+00
-1.415064e+01 -6.484667e+00
-1.389108e+01 -6.960389e+00
-1.361567e+01 -7.425990e+00
-1.332475e+01 -7.880926e+00
-1.301880e+01 -8.324727e+00
-1.269821e+01 -8.756881e+00
-1.236337e+01 -9.176881e+00
-1.201480e+01 -9.584312e+00
-1.165295e+01 -9.978711e+00
-1.127826e+01 -1.035961e+01
-1.089127e+01 -1.072666e+01
-1.049249e+01 -1.107944e+01
-1.008239e+01 -1.141754e+01
-9.661550e+00 -1.174067e+01
-9.230509e+00 -1.204846e+01
-8.789785e+00 -1.234056e+01
-8.339983e+00 -1.261672e+01
-7.881665e+00 -1.287667e+01
-7.415384e+00 -1.312007e+01
-6.941764e+00 -1.334678e+01
-6.461391e+00 -1.355656e+01
-5.974844e+00 -1.374914e+01
-5.482758e+00 -1.392445e+01
-4.985737e+00 -1.408230e+01
-4.484380e+00 -1.422250e+01
-3.979326e+00 -1.434503e+01
-3.471192e+00 -1.444978e+01
-2.960587e+00 -1.453661e+01
-2.448150e+00 -1.460556e+01
-1.934499e+00 -1.465661e+01
-1.420256e+00 -1.468966e+01
-9.060441e-01 -1.470484e+01
-3.924811e-01 -1.470217e+01
1.198093e-01 -1.468162e+01
6.302205e-01 -1.464338e+01
1.138147e+00 -1.458755e+01
1.642966e+00 -1.451416e+01
2.144097e+00 -1.442345e+01
2.640951e+00 -1.431559e+01
3.132916e+00 -1.419067e+01
3.619439e+00 -1.404899e+01
4.099956e+00 -1.389077e+01
4.573871e+00 -1.371618e+01
5.040667e+00 -1.352555e+01
5.499808e+00 -1.331918e+01
5.950723e+00 -1.309729e+01
6.392932e+00 -1.286026e+01
6.825937e+00 -1.260844e+01
7.249196e+00 -1.234211e+01
7.662271e+00 -1.206169e+01
8.064704e+00 -1.176759e+01
8.455992e+00 -1.146013e+01
8.835741e+00 -1.113978e+01
9.203541e+00 -1.080698e+01
9.558928e+00 -1.046212e+01
9.901558e+00 -1.010569e+01
1.023107e+01 -9.738174e+00
1.054705e+01 -9.360001e+00
1.084920e+01 -8.971697e+00
1.113723e+01 -8.573774e+00
1.141075e+01 -8.166705e+00
1.166954e+01 -7.751037e+00
1.191334e+01 -7.327310e+00
1.214185e+01 -6.896030e+00
1.235487e+01 -6.457763e+00
1.255223e+01 -6.013068e+00
1.273367e+01 -5.562481e+00
1.289905e+01 -5.106579e+00
1.304826e+01 -4.645936e+00
0 0
0 0
0 0
0 0
0 0
0 0
0 0
0 0
0 0
0 0
0 0
0 0
0 0
0 0
0 0
0 0
0 0
0 0
0 0
0 0
0 0
0 0
0 0
0 0
0 0
0 0
0 0
0 0
0 0
0 0
0 0
0 0
0 0
0 0
0 0
0 0
0 0
0 0
0 0
0 0
0 0
0 0
0 0
0 0
0 0
0 0
0 0
0 0
0 0
0 0
0 0
0 0
0 0
0 0
0 0
0 0
0 0
0 0
0 0
0 0
0 0
0 0
0 0
0 0
0 0
0 0
0 0
0 0
0 0
0 0
0 0
0 0
0 0
0 0
0 0
0 0
0 0
0 0
0 0
0 0
0 0
0 0
0 0
0 0
0 0
0 0
0 0
0 0
0 0
0 0
0 0
0 0
0 0
0 0
0 0
0 0
0 0
0 0
0 0
0 0
0 0
0 0
0 0
0 0
0 0
0 0
0 0
0 0
0 0
0 0
0 0
0 0
0 0
0 0
0 0
0 0
0 0
0 0
0 0
0 0
0 0
0 0
0 0
0 0
0 0
0 0
0 0
0 0
0 0
0 0
0 0
0 0
0 0
0 0
0 0
0 0
0 0
0 0
0 0
0 0
0 0
0 0
0 0
0 0
0 0
0 0
0 0
0 0
0 0
0 0
0 0
0 0
0 0
0 0
0 0
0 0
0 0
0 0
0 0
0 0
0 0
0 0
0 0
0 0
0 0
0 0
0 0
0 0
0 0
0 0
0 0
0 0
0 0
0 0
0 0
0 0
0 0
0 0
0 0
0 0
0 0
0 0
0 0
0 0
0 0
0 0
0 0
0 0
0 0
0 0
0 0
0 0
0 0
0 0
0 0
0 0
0 0
0 0
0 0
0 0
0 0
0 0
0 0
0 0
0 0
0 0
0 0
0 0
0 0
0 0
0 0
0 0
0 0
0 0
0 0
0 0
0 0
0 0
0 0
0 0
0 0
0 0
0 0
0 0
0 0
0 0
0 0
0 0
0 0
0 0
0 0
0 0
0 0
0 0
0 0
0 0
0 0
0 0
0 0
0 0
0 0
0 0
0 0
0 0
0 0
0 0
0 0
0 0
0 0
0 0
0 0
0 0
0 0
0 0
0 0
0 0
0 0
0 0
0 0
0 0
0 0
0 0
0 0
0 0
0 0
0 0
0 0
0 0
0 0
0 0
0 0
0 0
0 0
0 0
0 0
0 0
0 0
0 0
0 0
0 0
0 0
0 0
0 0
0 0
0 0
0 0
0 0
0 0
0 0
0 0
0 0
0 0
0 0
0 0
0 0
0 0
0 0
0 0
0 0
0 0
0 0
0 0
0 0
0 0
0 0
0 0
0 0
0 0
0 0
0 0
0 0
0 0
0 0
0 0
0 0
0 0
0 0
0 0
0 0
0 0
0 0
0 0
0 0
0 0
0 0
0 0
0 0
0 0
0 0
0 0
0 0
0 0
0 0
0 0
0 0
0 0
0 0
0 0
0 0
0 0
0 0
0 0
0 0
0 0
0 0
0 0
0 0
0 0
0 0
0 0
0 0
0 0
0 0
0 0
0 0
0 0
0 0
0 0
0 0
0 0
0 0
0 0
0 0
0 0
0 0
0 0
0 0
0 0
0 0
0 0
0 0
0 0
0 0
0 0
0 0
0 0
0 0
0 0
0 0
0 0
0 0
0 0
0 0
0 0
0 0
0 0
0 0
0 0
0 0
0 0
0 0
0 0
0 0
0 0
0 0
0 0
0 0
0 0
0 0
0 0
0 0
0 0
0 0
0 0
0 0
0 0
0 0
0 0
0 0
0 0
0 0
0 0
0 0
0 0
0 0
0 0
0 0
0 0
0 0
0 0
0 0
0 0
0 0
0 0
0 0
0 0
0 0
0 0
0 0
0 0
0 0
0 0
0 0
0 0
0 0
0 0
0 0
0 0
0 0
0 0
0 0
0 0
0 0
0 0
0 0
0 0
0 0
0 0
0 0
0 0
0 0
0 0
0 0
0 0
0 0
0 0
0 0
0 0
0 0
0 0
0 0
0 0
0 0
0 0
0 0
0 0
0 0
0 0
0 0
0 0
0 0
0 0
0 0
0 0
0 0
0 0
0 0
0 0
0 0
0 0
0 0
0 0
0 0
0 0
0 0
0 0
0 0
0 0
0 0
0 0
0 0
0 0
0 0
0 0
0 0
0 0
0 0
0 0
0 0
0 0
0 0
0 0
0 0
0 0
0 0
0 0
0 0
0 0
0 0
0 0
0 0
0 0
0 0
0 0
0 0
0 0
0 0
0 0
0 0
0 0
0 0
0 0
0 0
0 0
0 0
0 0
0 0
0 0
0 0
0 0
0 0
0 0
0 0
0 0
0 0
0 0
0 0
0 0
0 0
0 0
0 0
0 0
0 0
0 0
0 0
0 0
0 0
0 0
0 0
0 0
0 0
0 0
0 0
0 0
0 0
0 0
0 0
0 0
0 0
0 0
0 0
0 0
0 0
0 0
0 0
0 0
0 0
0 0
0 0
0 0
0 0
0 0
0 0
0 0
0 0
0 0
0 0
0 0
0 0
0 0
0 0
0 0
0 0
0 0
0 0
0 0
0 0
0 0
0 0
0 0
0 0
0 0
0 0
0 0
0 0
0 0
0 0
0 0
0 0
0 0
0 0
0 0
0 0
0 0
0 0
0 0
0 0
0 0
0 0
0 0
0 0
0 0
0 0
0 0
0 0
0 0
0 0
0 0
0 0
0 0
0 0
0 0
0 0
0 0
0 0
0 0
0 0
0 0
0 0
0 0
0 0
0 0
0 0
0 0
0 0
0 0
0 0
0 0
0 0
0 0
0 0
0 0
0 0
0 0
0 0
0 0
0 0
0 0
0 0
0 0
0 0
0 0
0 0
0 0
0 0
0 0
0 0
0 0
0 0
0 0
0 0
0 0
0 0
0 0
0 0
0 0
0 0
0 0
0 0
0 0
0 0
0 0
0 0
0 0
0 0
0 0
0 0
0 0
0 0
0 0
0 0
0 0
0 0
0 0
0 0
0 0
0 0
0 0
0 0
0 0
0 0
0 0
0 0
0 0
0 0
0 0
0 0
0 0
0 0
0 0
0 0
0 0
0 0
0 0
0 0
0 0
0 0
0 0
0 0
0 0
0 0
0 0
0 0
0 0
0 0
0 0
0 0
0 0
0 0
0 0
0 0
0 0
0 0
0 0
0 0
0 0
0 0
0 0
0 0
0 0
0 0
0 0
0 0
0 0
0 0
0 0
0 0
0 0
0 0
0 0
0 0
0 0
0 0
0 0
0 0
0 0
0 0
0 0
0 0
0 0
0 0
0 0
0 0
0 0
0 0
0 0
0 0
0 0
0 0
0 0
0 0
0 0
0 0
0 0
0 0
0 0
0 0
0 0
0 0
0 0
0 0
0 0
0 0
0 0
0 0
0 0
0 0
0 0
0 0
0 0
0 0
0 0
0 0
0 0
0 0
0 0
0 0
0 0
0 0
0 0
0 0
0 0
0 0
0 0
0 0
0 0
0 0
0 0
0 0
0 0
0 0
0 0
0 0
0 0
0 0
0 0
0 0
0 0
0 0
0 0
0 0
0 0
0 0
0 0
0 0
0 0
0 0
0 0
0 0
0 0
0 0
0 0
0 0
0 0
0 0
0 0
0 0
0 0
0 0
0 0
0 0
0 0
0 0
0 0
0 0
0 0
0 0
0 0
0 0
0 0
0 0
0 0
0 0
0 0
0 0
0 0
0 0
0 0
0 0
0 0
0 0
0 0
0 0
0 0
0 0
0 0
0 0
0 0
0 0
0 0
0 0
0 0
0 0
0 0
0 0
0 0
0 0
0 0
0 0
0 0
0 0
0 0
0 0
0 0
0 0
0 0
0 0
0 0
0 0
0 0
0 0
0 0
0 0
0 0
0 0
0 0
0 0
0 0
0 0
0 0
0 0
0 0
0 0
0 0
0 0
0 0
0 0
0 0
0 0
0 0
0 0
0 0
0 0
0 0
0 0
0 0
0 0
0 0
0 0
0 0
0 0
0 0
0 0
0 0
0 0
0 0
0 0
0 0
0 0
0 0
0 0
0 0
0 0
0 0
0 0
0 0
0 0
0 0
0 0
0 0
0 0
0 0
0 0
0 0
0 0
0 0
0 0
0 0
0 0
0 0
0 0
0 0
0 0
0 0
0 0
0 0
0 0
0 0
0 0
0 0
0 0
0 0
0 0
0 0
0 0
0 0
0 0
0 0
0 0
0 0
0 0
0 0
0 0
0 0
0 0
0 0
0 0
0 0
0 0
0 0
0 0
0 0
0 0
0 0
0 0
0 0
0 0
0 0
0 0
0 0
0 0
0 0
0 0
0 0
0 0
0 0
0 0
0 0
0 0
0 0
0 0
0 0
0 0
0 0
0 0
0 0
0 0
0 0
0 0
0 0
0 0
0 0
0 0
0 0
0 0
0 0
0 0
0 0
0 0
0 0
0 0
0 0
0 0
0 0
0 0
0 0
0 0
0 0
0 0
0 0
0 0
0 0
0 0
0 0
0 0
0 0
0 0
0 0
0 0
0 0
0 0
0 0
0 0
0 0
0 0
0 0
0 0
0 0
0 0
0 0
0 0
0 0
0 0
0 0
0 0
0 0
0 0
0 0
0 0
0 0
0 0
0 0
0 0
0 0
0 0
0 0
0 0
0 0
0 0
0 0
0 0
0 0
0 0
0 0
0 0
0 0
0 0
0 0
0 0
0 0
0 0
0 0
0 0
0 0
0 0
0 0
0 0
0 0
0 0
0 0
0 0
0 0
0 0
0 0
0 0
0 0
0 0
0 0
0 0
0 0
0 0
0 0
0 0
0 0
0 0
0 0
0 0
0 0
0 0
0 0
0 0
0 0
0 0
0 0
0 0
0 0
0 0
0 0
0 0
0 0
0 0
0 0
0 0
0 0
0 0
0 0
0 0
0 0
0 0
0 0
0 0
0 0
0 0
0 0
0 0
0 0
0 0
0 0
0 0
0 0
0 0
0 0
0 0
0 0
0 0
0 0
0 0
0 0
0 0
0 0
0 0
0 0
0 0
0 0
0 0
0 0
0 0
0 0
0 0
0 0
0 0
0 0
0 0
0 0
0 0
0 0
0 0
0 0
0 0
0 0
0 0
0 0
0 0
0 0
0 0
0 0
0 0
0 0
0 0
0 0
0 0
0 0
0 0
0 0
0 0
0 0
0 0
0 0
0 0
0 0
0 0
0 0
0 0
0 0
0 0
0 0
0 0
0 0
0 0
0 0
0 0
0 0
0 0
0 0
0 0
0 0
0 0
0 0
0 0
0 0
0 0
0 0
0 0
0 0
0 0
0 0
0 0
0 0
0 0
0 0
0 0
0 0
0 0
0 0
0 0
0 0
0 0
0 0
0 0
0 0
0 0
0 0
0 0
0 0
0 0
0 0
0 0
0 0
0 0
0 0
0 0
0 0
0 0
0 0
0 0
0 0
0 0
0 0
0 0
0 0
0 0
0 0
0 0
0 0
0 0
0 0
0 0
0 0
0 0
0 0
0 0
0 0
0 0
0 0
0 0
0 0
0 0
0 0
0 0
0 0
0 0
0 0
0 0
0 0
0 0
0 0
0 0
0 0
0 0
0 0
0 0
0 0
0 0
0 0
0 0
0 0
0 0
0 0
0 0
0 0
0 0
0 0
0 0
0 0
0 0
0 0
0 0
0 0
0 0
0 0
0 0
0 0
0 0
0 0
0 0
0 0
0 0
0 0
0 0
0 0
0 0
0 0
0 0
0 0
0 0
0 0
0 0
0 0
0 0
0 0
0 0
0 0
0 0
0 0
0 0
0 0
0 0
0 0
0 0
0 0
0 0
0 0
0 0
0 0
0 0
0 0
0 0
0 0
0 0
0 0
0 0
0 0
0 0
0 0
0 0
0 0
0 0
0 0
0 0
0 0
0 0
0 0
0 0
0 0
0 0
0 0
0 0
0 0
0 0
0 0
0 0
0 0
0 0
0 0
0 0
0 0
0 0
0 0
0 0
0 0
0 0
0 0
0 0
0 0
0 0
0 0
0 0
0 0
0 0
0 0
0 0
0 0
0 0
0 0
0 0
0 0
0 0
0 0
0 0
0 0
0 0
0 0
0 0
0 0
0 0
0 0
0 0
0 0
0 0
0 0
0 0
0 0
0 0
0 0
0 0
0 0
0 0
0 0
0 0
0 0
0 0
0 0
0 0
0 0
0 0
0 0
0 0
0 0
0 0
0 0
0 0
0 0
0 0
0 0
0 0
0 0
0 0
0 0
0 0
0 0
0 0
0 0
0 0
0 0
0 0
0 0
0 0
0 0
0 0
0 0
0 0
0 0
0 0
0 0
0 0
0 0
0 0
0 0
0 0
0 0
0 0
0 0
0 0
0 0
0 0
0 0
0 0
0 0
0 0
0 0
0 0
0 0
0 0
0 0
0 0
0 0
0 0
0 0
0 0
0 0
0 0
0 0
0 0
0 0
0 0
0 0
0 0
0 0
0 0
0 0
0 0
0 0
0 0
0 0
0 0
0 0
0 0
0 0
0 0
0 0
0 0
0 0
0 0
0 0
0 0
0 0
0 0
0 0
0 0
0 0
0 0
0 0
0 0
0 0
0 0
0 0
0 0
0 0
0 0
0 0
0 0
0 0
0 0
0 0
0 0
0 0
0 0
0 0
0 0
0 0
0 0
0 0
0 0
0 0
0 0
0 0
0 0
0 0
0 0
0 0
0 0
0 0
0 0
0 0
0 0
0 0
0 0
0 0
0 0
0 0
0 0
0 0
0 0
0 0
0 0
0 0
0 0
0 0
0 0
0 0
0 0
0 0
0 0
0 0
0 0
0 0
0 0
0 0
0 0
0 0
0 0
0 0
0 0
0 0
0 0
0 0
0 0
0 0
0 0
0 0
0 0
0 0
0 0
0 0
0 0
0 0
0 0
0 0
0 0
0 0
0 0
0 0
0 0
0 0
0 0
0 0
0 0
0 0
0 0
0 0
0 0
0 0
0 0
0 0
0 0
0 0
0 0
0 0
0 0
0 0
0 0
0 0
0 0
0 0
0 0
0 0
0 0
0 0
0 0
0 0
0 0
0 0
0 0
0 0
0 0
0 0
0 0
0 0
0 0
0 0
0 0
0 0
0 0
0 0
0 0
0 0
0 0
0 0
0 0
0 0
0 0
0 0
0 0
0 0
0 0
0 0
0 0
0 0
0 0
0 0
0 0
0 0
0 0
0 0
0 0
0 0
0 0
0 0
0 0
0 0
0 0
0 0
0 0
0 0
0 0
0 0
0 0
0 0
0 0
0 0
0 0
0 0
0 0
0 0
0 0
0 0
0 0
0 0
0 0
0 0
0 0
0 0
0 0
0 0
0 0
0 0
0 0
0 0
0 0
0 0
0 0
0 0
0 0
0 0
0 0
0 0
0 0
0 0
0 0
0 0
0 0
0 0
0 0
0 0
0 0
0 0
0 0
0 0
0 0
0 0
0 0
0 0
0 0
0 0
0 0
0 0
0 0
0 0
0 0
0 0
0 0
0 0
0 0
0 0
0 0
0 0
0 0
0 0
0 0
0 0
0 0
0 0
0 0
0 0
0 0
0 0
0 0
0 0
0 0
0 0
0 0
0 0
0 0
0 0
0 0
0 0
0 0
0 0
0 0
0 0
0 0
0 0
0 0
0 0
0 0
0 0
0 0
0 0
0 0
0 0
0 0
0 0
0 0
0 0
0 0
0 0
0 0
0 0
0 0
0 0
0 0
0 0
0 0
0 0
0 0
0 0
0 0
0 0
0 0
0 0
0 0
0 0
0 0
0 0
0 0
0 0
0 0
0 0
0 0
0 0
0 0
0 0
0 0
0 0
0 0
0 0
0 0
0 0
0 0
0 0
0 0
0 0
0 0
0 0
0 0
0 0
0 0
0 0
0 0
0 0
0 0
0 0
0 0
0 0
0 0
0 0
0 0
0 0
0 0
0 0
0 0
0 0
0 0
0 0
0 0
0 0
0 0
0 0
0 0
0 0
0 0
0 0
0 0
0 0
0 0
0 0
0 0
0 0
0 0
0 0
0 0
0 0
0 0
0 0
0 0
0 0
0 0
0 0
0 0
0 0
0 0
0 0
0 0
0 0
0 0
0 0
0 0
0 0
0 0
0 0
0 0
0 0
0 0
0 0
0 0
0 0
0 0
0 0
0 0
0 0
0 0
0 0
0 0
0 0
0 0
0 0
0 0
0 0
0 0
0 0
0 0
0 0
0 0
0 0
0 0
0 0
0 0
0 0
0 0
0 0
0 0
0 0
0 0
0 0
0 0
0 0
0 0
0 0
0 0
0 0
0 0
0 0
0 0
0 0
0 0
0 0
0 0
0 0
0 0
0 0
0 0
0 0
0 0
0 0
0 0
0 0
0 0
0 0
0 0
0 0
0 0
0 0
0 0
0 0
0 0
0 0
0 0
0 0
0 0
0 0
0 0
0 0
0 0
0 0
0 0
0 0
0 0
0 0
0 0
0 0
0 0
0 0
0 0
0 0
0 0
0 0
0 0
0 0
0 0
0 0
0 0
0 0
0 0
0 0
0 0
0 0
0 0
0 0
0 0
0 0
0 0
0 0
0 0
0 0
0 0
0 0
0 0
0 0
0 0
0 0
0 0
0 0
0 0
0 0
0 0
0 0
0 0
0 0
0 0
0 0
0 0
0 0
0 0
0 0
0 0
0 0
0 0
0 0
0 0
0 0
0 0
0 0
0 0
0 0
0 0
0 0
0 0
0 0
0 0
0 0
0 0
0 0
0 0
0 0
0 0
0 0
0 0
0 0
0 0
0 0
0 0
0 0
0 0
0 0
0 0
0 0
0 0
0 0
0 0
0 0
0 0
0 0
0 0
0 0
0 0
0 0
0 0
0 0
0 0
0 0
0 0
0 0
0 0
0 0
0 0
0 0
0 0
0 0
0 0
0 0
0 0
0 0
0 0
0 0
0 0
0 0
0 0
0 0
0 0
0 0
0 0
0 0
0 0
0 0
0 0
0 0
0 0
0 0
0 0
0 0
0 0
0 0
0 0
0 0
0 0
0 0
0 0
0 0
0 0
0 0
0 0
0 0
0 0
0 0
0 0
0 0
0 0
0 0
0 0
0 0
0 0
0 0
0 0
0 0
0 0
0 0
0 0
0 0
0 0
0 0
0 0
0 0
0 0
0 0
0 0
0 0
0 0
0 0
0 0
0 0
0 0
0 0
0 0
0 0
0 0
0 0
0 0
0 0
0 0
0 0
0 0
0 0
0 0
0 0
0 0
0 0
0 0
0 0
0 0
0 0
0 0
0 0
0 0
0 0
0 0
0 0
0 0
0 0
0 0
0 0
0 0
0 0
0 0
0 0
0 0
0 0
0 0
0 0
0 0
0 0
0 0
0 0
0 0
0 0
0 0
0 0
0 0
0 0
0 0
0 0
0 0
0 0
0 0
0 0
0 0
0 0
0 0
0 0
0 0
0 0
0 0
0 0
0 0
0 0
0 0
0 0
0 0
0 0
0 0
0 0
0 0
0 0
0 0
0 0
0 0
0 0
0 0
0 0
0 0
0 0
0 0
0 0
0 0
0 0
0 0
0 0
0 0
0 0
0 0
0 0
0 0
0 0
0 0
0 0
0 0
0 0
0 0
0 0
0 0
0 0
0 0
0 0
0 0
0 0
0 0
0 0
0 0
0 0
0 0
0 0
0 0
0 0
0 0
0 0
0 0
0 0
0 0
0 0
0 0
0 0
0 0
0 0
0 0
0 0
0 0
0 0
0 0
0 0
0 0
0 0
0 0
0 0
0 0
0 0
0 0
0 0
0 0
0 0
0 0
0 0
0 0
0 0
0 0
0 0
0 0
0 0
0 0
0 0
0 0
0 0
0 0
0 0
0 0
0 0
0 0
0 0
0 0
0 0
0 0
0 0
0 0
0 0
0 0
0 0
0 0
0 0
0 0
0 0
0 0
0 0
0 0
0 0
0 0
0 0
0 0
0 0
0 0
0 0
0 0
0 0
0 0
0 0
0 0
0 0
0 0
0 0
0 0
0 0
0 0
0 0
0 0
0 0
0 0
0 0
0 0
0 0
0 0
0 0
0 0
0 0
0 0
0 0
0 0
0 0
0 0
0 0
0 0
0 0
0 0
0 0
0 0
0 0
0 0
0 0
0 0
0 0
0 0
0 0
0 0
0 0
0 0
0 0
0 0
0 0
0 0
0 0
0 0
0 0
0 0
0 0
0 0
0 0
0 0
0 0
0 0
0 0
0 0
0 0
0 0
0 0
0 0
0 0
0 0
0 0
0 0
0 0
0 0
0 0
0 0
0 0
0 0
0 0
0 0
0 0
0 0
0 0
0 0
0 0
0 0
0 0
0 0
0 0
0 0
0 0
0 0
0 0
0 0
0 0
0 0
0 0
0 0
0 0
0 0
0 0
0 0
0 0
0 0
0 0
0 0
0 0
0 0
0 0
0 0
0 0
0 0
0 0
0 0
0 0
0 0
0 0
0 0
0 0
0 0
0 0
0 0
0 0
0 0
0 0
0 0
0 0
0 0
0 0
0 0
0 0
0 0
0 0
0 0
0 0
0 0
0 0
0 0
0 0
0 0
0 0
0 0
0 0
0 0
0 0
0 0
0 0
0 0
0 0
0 0
0 0
0 0
0 0
0 0
0 0
0 0
0 0
0 0
0 0
0 0
0 0
0 0
0 0
0 0
0 0
0 0
0 0
0 0
0 0
0 0
0 0
0 0
0 0
0 0
0 0
0 0
0 0
0 0
0 0
0 0
0 0
0 0
0 0
0 0
0 0
0 0
0 0
0 0
0 0
0 0
0 0
0 0
0 0
0 0
0 0
0 0
0 0
0 0
0 0
0 0
0 0
0 0
0 0
0 0
0 0
0 0
0 0
0 0
0 0
0 0
0 0
0 0
0 0
0 0
0 0
0 0
0 0
0 0
0 0
0 0
0 0
0 0
0 0
0 0
0 0
0 0
0 0
0 0
0 0
0 0
0 0
0 0
0 0
0 0
0 0
0 0
0 0
0 0
0 0
0 0
0 0
0 0
0 0
0 0
0 0
0 0
0 0
0 0
0 0
0 0
0 0
0 0
0 0
0 0
0 0
0 0
0 0
0 0
0 0
0 0
0 0
0 0
0 0
0 0
0 0
0 0
0 0
0 0
0 0
0 0
0 0
0 0
0 0
0 0
0 0
0 0
0 0
0 0
0 0
0 0
0 0
0 0
0 0
0 0
0 0
0 0
0 0
0 0
0 0
0 0
0 0
0 0
0 0
0 0
0 0
0 0
0 0
0 0
0 0
0 0
0 0
0 0
0 0
0 0
0 0
0 0
0 0
0 0
0 0
0 0
0 0
0 0
0 0
0 0
0 0
0 0
0 0
0 0
0 0
0 0
0 0
0 0
0 0
0 0
0 0
0 0
0 0
0 0
0 0
0 0
0 0
0 0
0 0
0 0
0 0
0 0
0 0
0 0
0 0
0 0
0 0
0 0
0 0
0 0
0 0
0 0
0 0
0 0
0 0
0 0
0 0
0 0
0 0
0 0
0 0
0 0
0 0
0 0
0 0
0 0
0 0
0 0
0 0
0 0
0 0
0 0
0 0
0 0
0 0
0 0
0 0
0 0
0 0
0 0
0 0
0 0
0 0
0 0
0 0
0 0
0 0
0 0
0 0
0 0
0 0
0 0
0 0
0 0
0 0
0 0
0 0
0 0
0 0
0 0
0 0
0 0
0 0
0 0
0 0
0 0
0 0
0 0
0 0
0 0
0 0
0 0
0 0
0 0
0 0
0 0
0 0
0 0
0 0
0 0
0 0
0 0
0 0
0 0
0 0
0 0
0 0
0 0
0 0
0 0
0 0
0 0
0 0
0 0
0 0
0 0
0 0
0 0
0 0
0 0
0 0
0 0
0 0
0 0
0 0
0 0
0 0
0 0
0 0
0 0
0 0
0 0
0 0
0 0
0 0
0 0
0 0
0 0
0 0
0 0
0 0
0 0
0 0
0 0
0 0
0 0
0 0
0 0
0 0
0 0
0 0
0 0
0 0
0 0
0 0
0 0
0 0
0 0
0 0
0 0
0 0
0 0
0 0
0 0
0 0
0 0
0 0
0 0
0 0
0 0
0 0
0 0
0 0
0 0
0 0
0 0
0 0
0 0
0 0
0 0
0 0
0 0
0 0
0 0
0 0
0 0
0 0
0 0
0 0
0 0
0 0
0 0
0 0
0 0
0 0
0 0
0 0
0 0
0 0
0 0
0 0
0 0
0 0
0 0
0 0
0 0
0 0
0 0
0 0
0 0
0 0
0 0
0 0
0 0
0 0
0 0
0 0
0 0
0 0
0 0
0 0
0 0
0 0
0 0
0 0
0 0
0 0
0 0
0 0
0 0
0 0
0 0
0 0
0 0
0 0
0 0
0 0
0 0
0 0
0 0
0 0
0 0
0 0
0 0
0 0
0 0
0 0
0 0
0 0
0 0
0 0
0 0
0 0
0 0
0 0
0 0
0 0
0 0
0 0
0 0
0 0
0 0
0 0
0 0
0 0
0 0
0 0
0 0
0 0
0 0
0 0
0 0
0 0
0 0
0 0
0 0
0 0
0 0
0 0
0 0
0 0
0 0
0 0
0 0
0 0
0 0
0 0
0 0
0 0
0 0
0 0
0 0
0 0
0 0
0 0
0 0
0 0
0 0
0 0
0 0
0 0
0 0
0 0
0 0
0 0
0 0
0 0
0 0
0 0
0 0
0 0
0 0
0 0
0 0
0 0
0 0
0 0
0 0
0 0
0 0
0 0
0 0
0 0
0 0
0 0
0 0
0 0
0 0
0 0
0 0
0 0
0 0
0 0
0 0
0 0
0 0
0 0
0 0
0 0
0 0
0 0
0 0
0 0
0 0
0 0
0 0
0 0
0 0
0 0
0 0
0 0
0 0
0 0
0 0
0 0
0 0
0 0
0 0
0 0
0 0
0 0
0 0
0 0
0 0
0 0
0 0
0 0
0 0
0 0
0 0
0 0
0 0
0 0
0 0
0 0
0 0
0 0
0 0
0 0
0 0
0 0
0 0
0 0
0 0
0 0
0 0
0 0
0 0
0 0
0 0
0 0
0 0
0 0
0 0
0 0
0 0
0 0
0 0
0 0
0 0
0 0
0 0
0 0
0 0
0 0
0 0
0 0
0 0
0 0
0 0
0 0
0 0
0 0
0 0
0 0
0 0
0 0
0 0
0 0
0 0
0 0
0 0
0 0
0 0
0 0
0 0
0 0
0 0
0 0
0 0
0 0
0 0
0 0
0 0
0 0
0 0
0 0
0 0
0 0
0 0
0 0
0 0
0 0
0 0
0 0
0 0
0 0
0 0
0 0
0 0
0 0
0 0
0 0
0 0
0 0
0 0
0 0
0 0
0 0
0 0
0 0
0 0
0 0
0 0
0 0
0 0
0 0
0 0
0 0
0 0
0 0
0 0
0 0
0 0
0 0
0 0
0 0
0 0
0 0
0 0
0 0
0 0
0 0
0 0
0 0
0 0
0 0
0 0
0 0
0 0
0 0
0 0
0 0
0 0
0 0
0 0
0 0
0 0
0 0
0 0
0 0
0 0
0 0
0 0
0 0
0 0
0 0
0 0
0 0
0 0
0 0
0 0
0 0
0 0
0 0
0 0
0 0
0 0
0 0
0 0
0 0
0 0
0 0
0 0
0 0
0 0
0 0
0 0
0 0
0 0
0 0
0 0
0 0
0 0
0 0
0 0
0 0
0 0
0 0
0 0
0 0
0 0
0 0
0 0
0 0
0 0
0 0
0 0
0 0
0 0
0 0
0 0
0 0
0 0
0 0
0 0
0 0
0 0
0 0
0 0
0 0
0 0
0 0
0 0
0 0
0 0
0 0
0 0
0 0
0 0
0 0
0 0
0 0
0 0
0 0
0 0
0 0
0 0
0 0
0 0
0 0
0 0
0 0
0 0
0 0
0 0
0 0
0 0
0 0
0 0
0 0
0 0
0 0
0 0
0 0
0 0
0 0
0 0
0 0
0 0
0 0
0 0
0 0
0 0
0 0
0 0
0 0
0 0
0 0
0 0
0 0
0 0
0 0
0 0
0 0
0 0
0 0
0 0
0 0
0 0
0 0
0 0
0 0
0 0
0 0
0 0
0 0
0 0
0 0
0 0
0 0
0 0
0 0
0 0
0 0
0 0
0 0
0 0
0 0
0 0
0 0
0 0
0 0
0 0
0 0
0 0
0 0
0 0
0 0
0 0
0 0
0 0
0 0
0 0
0 0
0 0
0 0
0 0
0 0
0 0
0 0
0 0
0 0
0 0
0 0
0 0
0 0
0 0
0 0
0 0
0 0
0 0
0 0
0 0
0 0
0 0
0 0
0 0
0 0
0 0
0 0
0 0
0 0
0 0
0 0
0 0
0 0
0 0
0 0
0 0
0 0
0 0
0 0
0 0
0 0
0 0
0 0
0 0
0 0
0 0
0 0
0 0
0 0
0 0
0 0
0 0
0 0
0 0
0 0
0 0
0 0
0 0
0 0
0 0
0 0
0 0
0 0
0 0
0 0
0 0
0 0
0 0
0 0
0 0
0 0
0 0
0 0
0 0
0 0
0 0
0 0
0 0
0 0
0 0
0 0
0 0
0 0
0 0
0 0
0 0
0 0
0 0
0 0
0 0
0 0
0 0
0 0
0 0
0 0
0 0
0 0
0 0
0 0
0 0
0 0
0 0
0 0
0 0
0 0
0 0
0 0
0 0
0 0
0 0
0 0
0 0
0 0
0 0
0 0
0 0
0 0
0 0
0 0
0 0
0 0
0 0
0 0
0 0
0 0
0 0
0 0
0 0
0 0
0 0
0 0
0 0
0 0
0 0
0 0
0 0
0 0
0 0
0 0
0 0
0 0
0 0
0 0
0 0
0 0
0 0
0 0
0 0
0 0
0 0
0 0
0 0
0 0
0 0
0 0
0 0
0 0
0 0
0 0
0 0
0 0
0 0
0 0
0 0
0 0
0 0
0 0
0 0
0 0
0 0
0 0
0 0
0 0
0 0
0 0
0 0
0 0
0 0
0 0
0 0
0 0
0 0
0 0
0 0
0 0
0 0
0 0
0 0
0 0
0 0
0 0
0 0
0 0
0 0
0 0
0 0
0 0
0 0
0 0
0 0
0 0
0 0
0 0
0 0
0 0
0 0
0 0
0 0
0 0
0 0
0 0
0 0
0 0
0 0
0 0
0 0
0 0
0 0
0 0
0 0
0 0
0 0
0 0
0 0
